 +488995.5 +7104473.4  83.5
 +506571.8 +7103833.2  86.7
 +524150.0 +7103248.6  90.1
 +541730.0 +7102719.7  93.7
 +559311.6 +7102246.4  95.6
 +576894.5 +7101828.8  96.2
 +594478.7 +7101466.9  96.0
 +612064.0 +7101160.6  91.9
 +629650.1 +7100910.1  80.6
 +647237.0 +7100715.2  75.6
 +664824.4 +7100576.0  73.7
 +682412.1 +7100492.4  74.4
 +700000.0 +7100464.6  73.7
 +717587.9 +7100492.4  69.8
 +735175.6 +7100576.0  67.2
 +752763.0 +7100715.2  65.1
 +770349.9 +7100910.1  63.1
 +787936.0 +7101160.6  60.5
 +805521.3 +7101466.9  57.0
 +823105.5 +7101828.8  55.2
 +840688.4 +7102246.4  54.4
 +858270.0 +7102719.7  60.5
 +875850.0 +7103248.6  64.3
 +893428.2 +7103833.2  63.1
 +911004.5 +7104473.4  54.7
 +928578.6 +7105169.3  42.8
 +946150.5 +7105920.8  43.2
 +963719.9 +7106727.9  44.1
 +981286.6 +7107590.7  45.8
 +998850.6 +7108509.1  46.9
+1016411.5 +7109483.0  48.0
+1033969.3 +7110512.6  48.7
+1051523.7 +7111597.8  48.1
+1069074.6 +7112738.5  45.1
+1086621.8 +7113934.8  43.8
+1104165.1 +7115186.6  43.3
+1121704.4 +7116494.0  41.1
+1139239.4 +7117856.9  39.2
+1156770.1 +7119275.3  37.8
+1174296.1 +7120749.2  35.6
 +138148.4 +7128950.7  12.2
 +155648.9 +7127199.5  16.0
 +173154.9 +7125503.8  18.5
 +190666.2 +7123863.5  19.6
 +208182.5 +7122278.6  25.1
 +225703.9 +7120749.2  32.8
 +243229.9 +7119275.3  39.5
 +260760.6 +7117856.9  44.4
 +278295.6 +7116494.0  46.2
 +295834.9 +7115186.6  48.0
 +313378.2 +7113934.8  49.6
 +330925.4 +7112738.5  55.1
 +348476.3 +7111597.8  60.1
 +366030.7 +7110512.6  64.8
 +383588.5 +7109483.0  66.3
 +401149.4 +7108509.1  66.4
 +418713.4 +7107590.7  72.2
 +436280.1 +7106727.9  77.2
 +453849.5 +7105920.8  80.2
 +471421.4 +7105169.3  82.1
 +487937.0 +7076625.9  88.5
 +505601.5 +7075982.4  91.8
 +523267.9 +7075394.9  95.6
 +540936.0 +7074863.3 100.6
 +558605.8 +7074387.7  98.2
 +576277.0 +7073968.0  90.7
 +593949.4 +7073604.3  96.5
 +611622.9 +7073296.5  95.0
 +629297.2 +7073044.6  80.1
 +646972.3 +7072848.8  76.1
 +664647.9 +7072708.9  77.0
 +682323.9 +7072624.9  75.1
 +700000.0 +7072596.9  73.7
 +717676.1 +7072624.9  74.1
 +735352.1 +7072708.9  71.6
 +753027.7 +7072848.8  68.5
 +770702.8 +7073044.6  67.3
 +788377.1 +7073296.5  65.3
 +806050.6 +7073604.3  62.2
 +823723.0 +7073968.0  59.2
 +841394.2 +7074387.7  56.6
 +859064.0 +7074863.3  56.8
 +876732.1 +7075394.9  59.1
 +894398.5 +7075982.4  67.4
 +912063.0 +7076625.9  62.4
 +929725.3 +7077325.2  53.3
 +947385.3 +7078080.5  49.9
 +965042.9 +7078891.7  48.3
 +982697.7 +7079758.8  47.1
+1000349.8 +7080681.8  46.1
+1017998.8 +7081660.6  45.4
+1035644.7 +7082695.4  44.4
+1053287.1 +7083786.0  42.9
+1070926.1 +7084932.4  41.0
+1088561.3 +7086134.7  39.8
+1106192.6 +7087392.8  39.2
+1123819.9 +7088706.8  38.7
+1141442.9 +7090076.5  37.8
+1159061.5 +7091502.0  37.3
+1176675.5 +7092983.3  36.0
 +135329.8 +7101225.9  20.9
 +152918.1 +7099466.0  14.0
 +170512.0 +7097761.7   9.2
 +188111.1 +7096113.2  12.1
 +205715.3 +7094520.4  17.9
 +223324.5 +7092983.3  25.3
 +240938.5 +7091502.0  40.0
 +258557.1 +7090076.5  50.0
 +276180.1 +7088706.8  56.2
 +293807.4 +7087392.8  59.2
 +311438.7 +7086134.7  60.6
 +329073.9 +7084932.4  65.5
 +346712.9 +7083786.0  68.5
 +364355.3 +7082695.4  67.9
 +382001.2 +7081660.6  72.5
 +399650.2 +7080681.8  80.3
 +417302.3 +7079758.8  79.2
 +434957.1 +7078891.7  81.0
 +452614.7 +7078080.5  86.7
 +470274.7 +7077325.2  88.5
 +486878.9 +7048788.9  95.4
 +504631.5 +7048142.2  97.3
 +522386.0 +7047551.8 100.7
 +540142.4 +7047017.5 102.8
 +557900.3 +7046539.5 101.6
 +575659.6 +7046117.8  97.2
 +593420.2 +7045752.2  98.9
 +611181.9 +7045442.9  94.6
 +628944.4 +7045189.8  82.2
 +646707.7 +7044992.9  78.2
 +664471.5 +7044852.3  79.8
 +682235.7 +7044768.0  77.9
 +700000.0 +7044739.9  76.6
 +717764.3 +7044768.0  76.8
 +735528.5 +7044852.3  75.4
 +753292.3 +7044992.9  72.8
 +771055.6 +7045189.8  72.2
 +788818.1 +7045442.9  70.6
 +806579.8 +7045752.2  66.4
 +824340.4 +7046117.8  63.6
 +842099.7 +7046539.5  61.6
 +859857.6 +7047017.5  59.9
 +877614.0 +7047551.8  61.8
 +895368.5 +7048142.2  63.6
 +913121.1 +7048788.9  69.2
 +930871.5 +7049491.7  71.4
 +948619.7 +7050250.8  63.6
 +966365.3 +7051066.0  55.4
 +984108.3 +7051937.4  50.8
+1001848.4 +7052865.0  48.9
+1019585.5 +7053848.8  45.5
+1037319.4 +7054888.7  42.4
+1055049.9 +7055984.7  40.3
+1072776.9 +7057136.9  36.6
+1090500.1 +7058345.2  35.7
+1108219.4 +7059609.6  35.7
+1125934.6 +7060930.1  36.1
+1143645.5 +7062306.6  36.3
+1161352.0 +7063739.3  35.4
+1179053.9 +7065228.0  34.7
 +132512.3 +7073511.7  24.8
 +150188.4 +7071743.0  16.7
 +167870.0 +7070030.2  12.1
 +185556.9 +7068373.5   6.6
 +203249.0 +7066772.7  17.3
 +220946.1 +7065228.0  32.3
 +238648.0 +7063739.3  51.3
 +256354.5 +7062306.6  69.3
 +274065.4 +7060930.1  81.6
 +291780.6 +7059609.6  84.0
 +309499.9 +7058345.2  83.7
 +327223.1 +7057136.9  84.7
 +344950.1 +7055984.7  86.5
 +362680.6 +7054888.7  88.4
 +380414.5 +7053848.8  88.0
 +398151.6 +7052865.0  89.5
 +415891.7 +7051937.4  93.1
 +433634.7 +7051066.0  96.8
 +451380.3 +7050250.8  96.1
 +469128.5 +7049491.7  97.3
 +485821.2 +7020961.8 101.0
 +503661.9 +7020312.0 100.4
 +521504.5 +7019718.6  97.3
 +539349.0 +7019181.7  95.1
 +557195.0 +7018701.3  94.4
 +575042.5 +7018277.5  95.0
 +592891.3 +7017910.1 100.3
 +610741.1 +7017599.2  96.8
 +628591.8 +7017344.9  83.7
 +646443.2 +7017147.1  79.8
 +664295.2 +7017005.8  80.9
 +682147.5 +7016921.0  79.6
 +700000.0 +7016892.7  78.9
 +717852.5 +7016921.0  78.3
 +735704.8 +7017005.8  77.1
 +753556.8 +7017147.1  76.3
 +771408.2 +7017344.9  75.2
 +789258.9 +7017599.2  73.5
 +807108.7 +7017910.1  69.4
 +824957.5 +7018277.5  66.6
 +842805.0 +7018701.3  64.5
 +860651.0 +7019181.7  63.5
 +878495.5 +7019718.6  62.4
 +896338.1 +7020312.0  60.1
 +914178.8 +7020961.8  65.5
 +932017.4 +7021668.2  71.2
 +949853.6 +7022431.0  68.2
 +967687.3 +7023250.3  61.1
 +985518.3 +7024126.0  51.8
+1003346.5 +7025058.2  47.1
+1021171.6 +7026046.9  44.5
+1038993.5 +7027091.9  41.6
+1056812.0 +7028193.4  38.8
+1074627.0 +7029351.3  35.7
+1092438.2 +7030565.6  34.0
+1110245.4 +7031836.2  30.1
+1128048.5 +7033163.3  30.3
+1145847.4 +7034546.7  30.4
+1163641.7 +7035986.5  29.3
+1181431.5 +7037482.5  27.7
 +129695.9 +7045807.4  32.7
 +147459.7 +7044029.9  28.0
 +165229.0 +7042308.6  27.2
 +183003.7 +7040643.6  26.3
 +200783.6 +7039034.9  35.6
 +218568.5 +7037482.5  45.7
 +236358.3 +7035986.5  62.2
 +254152.6 +7034546.7  79.6
 +271951.5 +7033163.3  90.5
 +289754.6 +7031836.2  97.9
 +307561.8 +7030565.6 100.7
 +325373.0 +7029351.3 101.9
 +343188.0 +7028193.4 101.3
 +361006.5 +7027091.9  97.7
 +378828.4 +7026046.9  97.9
 +396653.5 +7025058.2  99.8
 +414481.7 +7024126.0 101.9
 +432312.7 +7023250.3 105.0
 +450146.4 +7022431.0 102.3
 +467982.6 +7021668.2 101.7
 +484763.8 +6993144.2 105.1
 +502692.6 +6992491.1  91.9
 +520623.3 +6991894.8  88.7
 +538555.9 +6991355.3  88.0
 +556490.0 +6990872.6  95.1
 +574425.6 +6990446.6  98.8
 +592362.5 +6990077.4 102.7
 +610300.4 +6989765.0  99.1
 +628239.3 +6989509.4  86.7
 +646178.8 +6989310.6  82.7
 +664118.9 +6989168.6  82.0
 +682059.4 +6989083.4  80.3
 +700000.0 +6989055.0  79.6
 +717940.6 +6989083.4  77.8
 +735881.1 +6989168.6  75.7
 +753821.2 +6989310.6  74.6
 +771760.7 +6989509.4  73.6
 +789699.6 +6989765.0  72.5
 +807637.5 +6990077.4  70.4
 +825574.4 +6990446.6  67.5
 +843510.0 +6990872.6  65.2
 +861444.1 +6991355.3  62.4
 +879376.7 +6991894.8  61.3
 +897307.4 +6992491.1  58.0
 +915236.2 +6993144.2  60.6
 +933162.8 +6993854.0  66.4
 +951087.1 +6994620.6  60.8
 +969008.8 +6995443.9  53.4
 +986927.9 +6996324.0  49.9
+1004844.1 +6997260.8  45.2
+1022757.2 +6998254.3  41.5
+1040667.1 +6999304.5  34.5
+1058573.6 +7000411.5  31.7
+1076476.5 +7001575.1  29.1
+1094375.6 +7002795.4  30.6
+1112270.7 +7004072.3  28.9
+1130161.8 +7005405.9  28.6
+1148048.5 +7006796.1  27.0
+1165930.7 +7008243.0  25.1
+1183808.2 +7009746.5  23.6
 +126880.3 +7018112.4  49.4
 +144731.8 +7016326.1  50.8
 +162588.9 +7014596.4  50.0
 +180451.4 +7012923.2  49.7
 +198319.1 +7011306.5  51.9
 +216191.8 +7009746.5  60.0
 +234069.3 +7008243.0  74.5
 +251951.5 +7006796.1  84.1
 +269838.2 +7005405.9  94.0
 +287729.3 +7004072.3 101.5
 +305624.4 +7002795.4 109.0
 +323523.5 +7001575.1 109.7
 +341426.4 +7000411.5 109.1
 +359332.9 +6999304.5 101.7
 +377242.8 +6998254.3 103.4
 +395155.9 +6997260.8 106.9
 +413072.1 +6996324.0 108.4
 +430991.2 +6995443.9 108.1
 +448912.9 +6994620.6 106.4
 +466837.2 +6993854.0 105.8
 +483706.8 +6965335.4 100.1
 +501723.6 +6964679.1  88.6
 +519742.4 +6964079.9  90.2
 +537763.0 +6963537.7  89.8
 +555785.2 +6963052.6  97.0
 +573808.9 +6962624.5 102.1
 +591833.9 +6962253.5 104.5
 +609859.9 +6961939.6 100.9
 +627886.8 +6961682.7  88.2
 +645914.5 +6961483.0  83.1
 +663942.7 +6961340.3  82.4
 +681971.3 +6961254.6  80.7
 +700000.0 +6961226.1  78.7
 +718028.7 +6961254.6  76.1
 +736057.3 +6961340.3  74.0
 +754085.5 +6961483.0  70.6
 +772113.2 +6961682.7  68.4
 +790140.1 +6961939.6  67.3
 +808166.1 +6962253.5  66.0
 +826191.1 +6962624.5  63.4
 +844214.8 +6963052.6  61.0
 +862237.0 +6963537.7  58.3
 +880257.6 +6964079.9  55.9
 +898276.4 +6964679.1  52.9
 +916293.2 +6965335.4  55.5
 +934307.9 +6966048.7  56.4
 +952320.2 +6966819.1  55.3
 +970330.0 +6967646.4  47.8
 +988337.0 +6968530.8  46.5
+1006341.2 +6969472.2  43.1
+1024342.3 +6970470.6  39.4
+1042340.2 +6971526.0  32.3
+1060334.6 +6972638.3  28.2
+1078325.4 +6973807.7  26.8
+1096312.4 +6975033.9  28.3
+1114295.4 +6976317.2  31.8
+1132274.3 +6977657.3  30.0
+1150248.9 +6979054.4  28.4
+1168218.9 +6980508.3  25.5
+1186184.3 +6982019.2  24.1
 +124065.7 +6990426.2  65.7
 +142004.9 +6988631.1  66.9
 +159949.6 +6986892.9  67.0
 +177899.8 +6985211.5  67.5
 +195855.3 +6983586.9  69.7
 +213815.7 +6982019.2  72.8
 +231781.1 +6980508.3  79.6
 +249751.1 +6979054.4  89.3
 +267725.7 +6977657.3  97.7
 +285704.6 +6976317.2 106.3
 +303687.6 +6975033.9 114.1
 +321674.6 +6973807.7 114.4
 +339665.4 +6972638.3 111.3
 +357659.8 +6971526.0 104.7
 +375657.7 +6970470.6 106.4
 +393658.8 +6969472.2 102.6
 +411663.0 +6968530.8 107.1
 +429670.0 +6967646.4 106.8
 +447679.8 +6966819.1 105.8
 +465692.1 +6966048.7 101.4
 +482650.0 +6937534.8  88.2
 +500754.9 +6936875.3  94.0
 +518861.7 +6936273.2  95.6
 +536970.4 +6935728.4  95.0
 +555080.6 +6935240.9  98.2
 +573192.4 +6934810.7 102.0
 +591305.4 +6934437.9 104.7
 +609419.5 +6934122.4  97.5
 +627534.5 +6933864.3  87.3
 +645650.2 +6933663.6  82.1
 +663766.5 +6933520.2  81.5
 +681883.2 +6933434.1  79.7
 +700000.0 +6933405.5  77.8
 +718116.8 +6933434.1  75.3
 +736233.5 +6933520.2  72.3
 +754349.8 +6933663.6  68.5
 +772465.5 +6933864.3  65.9
 +790580.5 +6934122.4  63.9
 +808694.6 +6934437.9  62.2
 +826807.6 +6934810.7  59.7
 +844919.4 +6935240.9  57.0
 +863029.6 +6935728.4  53.9
 +881138.3 +6936273.2  51.5
 +899245.1 +6936875.3  48.5
 +917350.0 +6937534.8  47.0
 +935452.6 +6938251.6  46.6
 +953552.9 +6939025.7  48.2
 +971650.7 +6939857.1  46.2
 +989745.7 +6940745.9  42.9
+1007837.9 +6941691.9  39.5
+1025926.9 +6942695.1  36.5
+1044012.7 +6943755.7  32.4
+1062095.0 +6944873.4  28.3
+1080173.7 +6946048.5  27.3
+1098248.6 +6947280.7  28.3
+1116319.5 +6948570.2  31.8
+1134386.3 +6949916.9  30.0
+1152448.6 +6951320.8  28.6
+1170506.5 +6952781.9  26.1
+1188559.6 +6954300.1  24.6
 +121251.9 +6962748.2  76.4
 +139278.7 +6960944.4  76.1
 +157311.2 +6959197.6  76.2
 +175349.1 +6957508.0  77.4
 +193392.2 +6955875.5  78.6
 +211440.4 +6954300.1  81.6
 +229493.5 +6952781.9  87.6
 +247551.4 +6951320.8  93.6
 +265613.7 +6949916.9 100.7
 +283680.5 +6948570.2 109.3
 +301751.4 +6947280.7 116.7
 +319826.3 +6946048.5 116.0
 +337905.0 +6944873.4 112.9
 +355987.3 +6943755.7 108.4
 +374073.1 +6942695.1 101.5
 +392162.1 +6941691.9  94.9
 +410254.3 +6940745.9 100.5
 +428349.3 +6939857.1  95.5
 +446447.1 +6939025.7  93.6
 +464547.4 +6938251.6  89.2
 +481593.6 +6909741.9  80.3
 +499786.4 +6909079.3  87.8
 +517981.3 +6908474.2  94.1
 +536178.0 +6907926.7  96.2
 +554376.3 +6907436.8  99.5
 +572576.0 +6907004.6 102.6
 +590777.1 +6906630.0  92.1
 +608979.2 +6906313.0  84.0
 +627182.3 +6906053.6  82.2
 +645386.1 +6905851.9  79.6
 +663590.4 +6905707.8  79.1
 +681795.1 +6905621.3  77.2
 +700000.0 +6905592.5  76.0
 +718204.9 +6905621.3  74.7
 +736409.6 +6905707.8  71.7
 +754613.9 +6905851.9  68.8
 +772817.7 +6906053.6  66.4
 +791020.8 +6906313.0  64.4
 +809222.9 +6906630.0  62.8
 +827424.0 +6907004.6  61.2
 +845623.7 +6907436.8  58.7
 +863822.0 +6907926.7  55.0
 +882018.7 +6908474.2  51.3
 +900213.6 +6909079.3  47.1
 +918406.4 +6909741.9  45.7
 +936597.1 +6910462.2  49.2
 +954785.3 +6911240.1  43.5
 +972971.1 +6912075.6  41.3
 +991154.1 +6912968.6  37.9
+1009334.1 +6913919.2  34.0
+1027511.1 +6914927.3  31.2
+1045684.8 +6915993.0  28.3
+1063855.0 +6917116.2  25.7
+1082021.6 +6918297.0  23.4
+1100184.3 +6919535.2  24.3
+1118343.1 +6920831.0  27.6
+1136497.6 +6922184.2  25.6
+1154647.8 +6923594.9  24.2
+1172793.4 +6925063.1  24.3
+1190934.2 +6926588.7  23.9
 +118438.9 +6935077.9  84.9
 +136553.3 +6933265.3  84.8
 +154673.4 +6931510.1  84.0
 +172799.0 +6929812.2  83.8
 +190929.8 +6928171.8  85.0
 +209065.8 +6926588.7  87.9
 +227206.6 +6925063.1  91.7
 +245352.2 +6923594.9  97.8
 +263502.4 +6922184.2 104.1
 +281656.9 +6920831.0 108.9
 +299815.7 +6919535.2 115.0
 +317978.4 +6918297.0 115.5
 +336145.0 +6917116.2 116.8
 +354315.2 +6915993.0 111.2
 +372488.9 +6914927.3 104.2
 +390665.9 +6913919.2  95.4
 +408845.9 +6912968.6  88.3
 +427028.9 +6912075.6  82.5
 +445214.7 +6911240.1  78.6
 +463402.9 +6910462.2  78.0
 +480537.4 +6881956.2  80.5
 +498818.2 +6881290.3  90.0
 +517101.1 +6880682.3  96.3
 +535385.7 +6880132.2  97.7
 +553672.1 +6879639.9  99.7
 +571959.8 +6879205.6 101.5
 +590248.9 +6878829.2  92.2
 +608539.1 +6878510.6  85.1
 +626830.2 +6878250.0  81.7
 +645122.0 +6878047.3  78.3
 +663414.3 +6877902.5  75.0
 +681707.1 +6877815.7  73.6
 +700000.0 +6877786.7  75.0
 +718292.9 +6877815.7  74.3
 +736585.7 +6877902.5  70.1
 +754878.0 +6878047.3  68.3
 +773169.8 +6878250.0  65.8
 +791460.9 +6878510.6  63.9
 +809751.1 +6878829.2  62.3
 +828040.2 +6879205.6  61.2
 +846327.9 +6879639.9  60.1
 +864614.3 +6880132.2  57.0
 +882898.9 +6880682.3  53.9
 +901181.8 +6881290.3  49.7
 +919462.6 +6881956.2  52.9
 +937741.2 +6882680.0  61.3
 +956017.4 +6883461.6  51.8
 +974291.1 +6884301.1  41.8
 +992562.0 +6885198.4  35.1
+1010830.0 +6886153.6  30.1
+1029094.9 +6887166.6  27.4
+1047356.4 +6888237.5  22.6
+1065614.5 +6889366.1  21.3
+1083868.9 +6890552.6  21.7
+1102119.5 +6891796.9  25.7
+1120366.1 +6893098.9  28.0
+1138608.4 +6894458.7  26.0
+1156846.3 +6895876.2  23.6
+1175079.7 +6897351.5  21.1
+1193308.3 +6898884.4  20.5
 +115626.6 +6907414.6  97.2
 +133828.6 +6905593.3  95.1
 +152036.3 +6903829.6  91.8
 +170249.5 +6902123.5  91.5
 +188468.1 +6900475.1  93.6
 +206691.7 +6898884.4  96.7
 +224920.3 +6897351.5  97.1
 +243153.7 +6895876.2 100.6
 +261391.6 +6894458.7 105.8
 +279633.9 +6893098.9 107.6
 +297880.5 +6891796.9 111.8
 +316131.1 +6890552.6 118.1
 +334385.5 +6889366.1 119.3
 +352643.6 +6888237.5 114.7
 +370905.1 +6887166.6 107.4
 +389170.0 +6886153.6  97.8
 +407438.0 +6885198.4  90.3
 +425708.9 +6884301.1  85.2
 +443982.6 +6883461.6  83.0
 +462258.8 +6882680.0  81.9
 +479481.5 +6854177.0  84.0
 +497850.3 +6853507.9  93.8
 +516221.1 +6852897.0  98.7
 +534593.7 +6852344.2  97.9
 +552968.0 +6851849.6  99.5
 +571343.8 +6851413.2  99.8
 +589720.9 +6851034.9  90.4
 +608099.0 +6850714.9  84.4
 +626478.1 +6850453.0  80.4
 +644857.9 +6850249.3  76.8
 +663238.3 +6850103.9  73.6
 +681619.1 +6850016.6  70.9
 +700000.0 +6849987.5  78.3
 +718380.9 +6850016.6  83.4
 +736761.7 +6850103.9  69.6
 +755142.1 +6850249.3  63.0
 +773521.9 +6850453.0  61.2
 +791901.0 +6850714.9  60.9
 +810279.1 +6851034.9  60.5
 +828656.2 +6851413.2  59.8
 +847032.0 +6851849.6  58.6
 +865406.3 +6852344.2  57.4
 +883778.9 +6852897.0  56.0
 +902149.7 +6853507.9  53.5
 +920518.5 +6854177.0  50.2
 +938885.1 +6854904.3  57.9
 +957249.2 +6855689.7  58.2
 +975610.8 +6856533.2  46.4
 +993969.6 +6857434.9  36.1
+1012325.5 +6858394.6  26.6
+1030678.3 +6859412.5  22.7
+1049027.7 +6860488.5  23.6
+1067373.6 +6861622.6  27.8
+1085715.9 +6862814.8  33.8
+1104054.3 +6864065.0  34.9
+1122388.6 +6865373.3  29.5
+1140718.7 +6866739.6  25.7
+1159044.4 +6868164.0  22.6
+1177365.5 +6869646.4  20.9
+1195681.8 +6871186.7  18.8
 +112814.9 +6879758.0 124.3
 +131104.6 +6877927.8 116.1
 +149399.9 +6876155.6 105.5
 +167700.7 +6874441.4 100.5
 +186006.9 +6872785.1  99.1
 +204318.2 +6871186.7  95.0
 +222634.5 +6869646.4  95.1
 +240955.6 +6868164.0 103.2
 +259281.3 +6866739.6 100.3
 +277611.4 +6865373.3  97.4
 +295945.7 +6864065.0 103.6
 +314284.1 +6862814.8 104.7
 +332626.4 +6861622.6 102.3
 +350972.3 +6860488.5 102.3
 +369321.7 +6859412.5 100.5
 +387674.5 +6858394.6  95.4
 +406030.4 +6857434.9  91.4
 +424389.2 +6856533.2  88.1
 +442750.8 +6855689.7  87.5
 +461114.9 +6854904.3  86.6
 +478425.8 +6826403.9 102.6
 +496882.5 +6825731.6 100.0
 +515341.3 +6825117.7  97.6
 +533801.9 +6824562.3  98.4
 +552264.1 +6824065.3  99.4
 +570727.9 +6823626.8 100.0
 +589192.9 +6823246.7  98.7
 +607659.1 +6822925.2  91.4
 +626126.1 +6822662.0  80.3
 +644594.0 +6822457.4  76.6
 +663062.3 +6822311.2  73.2
 +681531.1 +6822223.5  69.9
 +700000.0 +6822194.2  77.9
 +718468.9 +6822223.5  84.5
 +736937.7 +6822311.2  82.0
 +755406.0 +6822457.4  73.2
 +773873.9 +6822662.0  61.5
 +792340.9 +6822925.2  61.2
 +810807.1 +6823246.7  61.2
 +829272.1 +6823626.8  61.7
 +847735.9 +6824065.3  60.6
 +866198.1 +6824562.3  59.7
 +884658.7 +6825117.7  60.1
 +903117.5 +6825731.6  58.5
 +921574.2 +6826403.9  56.0
 +940028.7 +6827134.6  53.7
 +958480.7 +6827923.7  51.0
 +976930.2 +6828771.3  46.8
 +995377.0 +6829677.3  41.3
+1013820.7 +6830641.7  34.8
+1032261.3 +6831664.4  24.7
+1050698.6 +6832745.6  25.7
+1069132.4 +6833885.1  33.7
+1087562.4 +6835083.0  33.4
+1105988.6 +6836339.2  30.7
+1124410.7 +6837653.7  25.8
+1142828.6 +6839026.6  22.4
+1161242.0 +6840457.8  19.7
+1179650.8 +6841947.2  17.5
+1198054.7 +6843495.0  15.0
 +110003.9 +6852107.3 137.3
 +128381.1 +6850268.4 129.3
 +146764.0 +6848487.7 130.0
 +165152.4 +6846765.2 123.7
 +183546.3 +6845101.0 113.8
 +201945.3 +6843495.0 114.4
 +220349.2 +6841947.2 111.1
 +238758.0 +6840457.8 100.9
 +257171.4 +6839026.6 101.5
 +275589.3 +6837653.7 103.2
 +294011.4 +6836339.2 106.2
 +312437.6 +6835083.0 105.6
 +330867.6 +6833885.1 101.5
 +349301.4 +6832745.6  98.5
 +367738.7 +6831664.4  94.7
 +386179.3 +6830641.7  88.2
 +404623.0 +6829677.3  85.7
 +423069.8 +6828771.3  84.1
 +441519.3 +6827923.7  84.5
 +459971.3 +6827134.6  92.1
 +477370.3 +6798636.2 100.1
 +495915.0 +6797960.7  96.9
 +514461.6 +6797343.9  94.9
 +533010.2 +6796785.8  96.6
 +551560.4 +6796286.5  96.6
 +570112.1 +6795845.9  96.5
 +588665.1 +6795464.0  90.2
 +607219.2 +6795140.9  85.0
 +625774.2 +6794876.5  78.6
 +644330.0 +6794670.9  74.1
 +662886.4 +6794524.0  71.2
 +681443.1 +6794435.9  71.2
 +700000.0 +6794406.5  79.6
 +718556.9 +6794435.9  88.5
 +737113.6 +6794524.0  86.4
 +755670.0 +6794670.9  77.8
 +774225.8 +6794876.5  65.7
 +792780.8 +6795140.9  64.9
 +811334.9 +6795464.0  64.7
 +829887.9 +6795845.9  65.5
 +848439.6 +6796286.5  69.6
 +866989.8 +6796785.8  71.8
 +885538.4 +6797343.9  64.7
 +904085.0 +6797960.7  60.0
 +922629.7 +6798636.2  57.4
 +941172.1 +6799370.4  57.5
 +959712.0 +6800163.3  56.4
 +978249.4 +6801014.9  52.1
 +996784.0 +6801925.2  44.2
+1015315.6 +6802894.2  33.9
+1033844.1 +6803921.8  24.9
+1052369.2 +6805008.1  26.1
+1070890.7 +6806153.1  34.8
+1089408.6 +6807356.6  29.0
+1107922.5 +6808618.8  25.1
+1126432.4 +6809939.6  22.4
+1144938.0 +6811319.1  18.1
+1163439.1 +6812757.0  14.5
+1181935.6 +6814253.6  14.0
+1200427.3 +6815808.7  13.5
 +107193.4 +6824462.0 146.4
 +125658.2 +6822614.4 147.8
 +144128.6 +6820825.2 137.5
 +162604.7 +6819094.5 133.0
 +181086.1 +6817422.4 131.8
 +199572.7 +6815808.7 129.1
 +218064.4 +6814253.6 124.3
 +236560.9 +6812757.0 110.5
 +255062.0 +6811319.1 107.4
 +273567.6 +6809939.6 108.3
 +292077.5 +6808618.8 107.6
 +310591.4 +6807356.6 105.2
 +329109.3 +6806153.1 101.6
 +347630.8 +6805008.1  96.9
 +366155.9 +6803921.8  92.2
 +384684.4 +6802894.2  88.2
 +403216.0 +6801925.2  85.1
 +421750.6 +6801014.9  82.7
 +440288.0 +6800163.3  81.9
 +458827.9 +6799370.4  89.0
 +476315.1 +6770873.4  94.3
 +494947.6 +6770194.7  92.7
 +513582.2 +6769575.0  93.2
 +532218.6 +6769014.3  94.4
 +550856.8 +6768512.6  95.0
 +569496.4 +6768069.9  94.6
 +588137.3 +6767686.2  85.8
 +606779.4 +6767361.6  80.6
 +625422.4 +6767095.9  77.3
 +644066.1 +6766889.3  73.0
 +662710.5 +6766741.8  70.2
 +681355.1 +6766653.2  69.6
 +700000.0 +6766623.7  78.8
 +718644.9 +6766653.2  87.7
 +737289.5 +6766741.8  86.5
 +755933.9 +6766889.3  85.6
 +774577.6 +6767095.9  79.3
 +793220.6 +6767361.6  78.2
 +811862.7 +6767686.2  73.9
 +830503.6 +6768069.9  67.8
 +849143.2 +6768512.6  71.4
 +867781.4 +6769014.3  72.6
 +886417.8 +6769575.0  65.3
 +905052.4 +6770194.7  60.4
 +923684.9 +6770873.4  56.4
 +942315.2 +6771611.1  56.2
 +960943.1 +6772407.8  55.0
 +979568.3 +6773263.4  52.5
 +998190.8 +6774178.0  41.6
+1016810.2 +6775151.6  30.5
+1035426.5 +6776184.1  24.3
+1054039.4 +6777275.6  26.2
+1072648.8 +6778425.9  33.9
+1091254.4 +6779635.2  24.7
+1109856.1 +6780903.4  17.3
+1128453.7 +6782230.5  16.5
+1147047.1 +6783616.4  13.5
+1165635.9 +6785061.2  12.9
+1184220.0 +6786564.9  13.0
+1202799.3 +6788127.3  12.9
 +104383.5 +6796821.7 141.0
 +122935.7 +6794965.3 142.5
 +141493.7 +6793167.6 138.8
 +160057.4 +6791428.7 136.3
 +178626.4 +6789748.6 134.0
 +197200.7 +6788127.3 128.9
 +215780.0 +6786564.9 123.7
 +234364.1 +6785061.2 118.5
 +252952.9 +6783616.4 117.9
 +271546.3 +6782230.5 121.4
 +290143.9 +6780903.4 109.6
 +308745.6 +6779635.2 107.0
 +327351.2 +6778425.9 102.4
 +345960.6 +6777275.6  95.0
 +364573.5 +6776184.1  90.0
 +383189.8 +6775151.6  86.4
 +401809.2 +6774178.0  83.4
 +420431.7 +6773263.4  81.0
 +439056.9 +6772407.8  79.4
 +457684.8 +6771611.1  84.1
 +475259.9 +6743115.0  91.4
 +493980.4 +6742433.1  89.4
 +512702.8 +6741810.5  89.8
 +531427.2 +6741247.1  92.2
 +550153.3 +6740743.1  88.0
 +568880.8 +6740298.3  86.4
 +587609.7 +6739912.8  82.1
 +606339.7 +6739586.6  79.0
 +625070.6 +6739319.7  75.1
 +643802.3 +6739112.1  70.7
 +662534.6 +6738963.9  67.5
 +681267.2 +6738874.9  66.6
 +700000.0 +6738845.3  76.2
 +718732.8 +6738874.9  87.3
 +737465.4 +6738963.9  85.8
 +756197.7 +6739112.1  84.9
 +774929.4 +6739319.7  76.2
 +793660.3 +6739586.6  83.5
 +812390.3 +6739912.8  79.2
 +831119.2 +6740298.3  73.9
 +849846.7 +6740743.1  67.2
 +868572.8 +6741247.1  66.9
 +887297.2 +6741810.5  62.3
 +906019.6 +6742433.1  59.1
 +924740.1 +6743115.0  55.3
 +943458.2 +6743856.2  55.8
 +962174.0 +6744656.6  46.3
 +980887.1 +6745516.3  30.8
 +999597.4 +6746435.2  21.2
+1018304.6 +6747413.4  20.2
+1037008.7 +6748450.8  25.8
+1055709.4 +6749547.4  27.7
+1074406.6 +6750703.2  25.9
+1093100.0 +6751918.1  18.9
+1111789.4 +6753192.3  11.5
+1130474.8 +6754525.6  12.5
+1149155.8 +6755918.1  13.8
+1167832.3 +6757369.7  13.5
+1186504.1 +6758880.5  14.4
+1205171.0 +6760450.3  17.4
 +101573.9 +6769185.7 128.4
 +120213.7 +6767320.5 132.8
 +138859.3 +6765514.4 146.5
 +157510.4 +6763767.3 144.0
 +176167.1 +6762079.3 142.7
 +194829.0 +6760450.3 143.4
 +213495.9 +6758880.5 138.2
 +232167.7 +6757369.7 134.7
 +250844.2 +6755918.1 130.0
 +269525.2 +6754525.6 131.6
 +288210.6 +6753192.3 117.3
 +306900.0 +6751918.1 105.6
 +325593.4 +6750703.2  99.3
 +344290.6 +6749547.4  93.1
 +362991.3 +6748450.8  89.4
 +381695.4 +6747413.4  85.9
 +400402.6 +6746435.2  82.6
 +419112.9 +6745516.3  78.8
 +437826.0 +6744656.6  77.2
 +456541.8 +6743856.2  82.0
 +474205.0 +6715360.5  88.1
 +493013.3 +6714675.4  86.4
 +511823.6 +6714049.8  84.9
 +530635.9 +6713483.8  84.6
 +549449.8 +6712977.4  80.4
 +568265.3 +6712530.5  81.7
 +587082.1 +6712143.2  80.1
 +605900.0 +6711815.5  77.0
 +624718.9 +6711547.4  72.6
 +643538.5 +6711338.8  80.1
 +662358.7 +6711189.8  76.9
 +681179.2 +6711100.5  66.0
 +700000.0 +6711070.7  73.4
 +718820.8 +6711100.5  84.5
 +737641.3 +6711189.8  84.0
 +756461.5 +6711338.8  84.7
 +775281.1 +6711547.4  77.1
 +794100.0 +6711815.5  83.1
 +812917.9 +6712143.2  80.6
 +831734.7 +6712530.5  77.3
 +850550.2 +6712977.4  70.6
 +869364.1 +6713483.8  63.7
 +888176.4 +6714049.8  62.5
 +906986.7 +6714675.4  59.4
 +925795.0 +6715360.5  56.5
 +944601.1 +6716105.1  60.8
 +963404.7 +6716909.3  51.3
 +982205.6 +6717773.0  26.0
+1001003.7 +6718696.3  21.5
+1019798.8 +6719679.0  20.5
+1038590.7 +6720721.3  25.7
+1057379.2 +6721823.0  20.2
+1076164.1 +6722984.2  16.9
+1094945.3 +6724204.9  10.5
+1113722.5 +6725485.1  10.6
+1132495.5 +6726824.7  14.4
+1151264.2 +6728223.7  15.7
+1170028.4 +6729682.1  21.4
+1188787.9 +6731200.0  24.2
+1207542.4 +6732777.2  27.2
  +98764.8 +6741553.5 116.8
 +117492.0 +6739679.6 121.2
 +136225.1 +6737865.0 138.6
 +154963.9 +6736109.7 139.2
 +173708.1 +6734413.8 136.8
 +192457.6 +6732777.2 137.9
 +211212.1 +6731200.0 142.3
 +229971.6 +6729682.1 143.0
 +248735.8 +6728223.7 138.3
 +267504.5 +6726824.7 132.1
 +286277.5 +6725485.1 125.1
 +305054.7 +6724204.9 113.3
 +323835.9 +6722984.2  98.5
 +342620.8 +6721823.0  92.3
 +361409.3 +6720721.3  88.5
 +380201.2 +6719679.0  84.5
 +398996.3 +6718696.3  81.4
 +417794.4 +6717773.0  77.6
 +436595.3 +6716909.3  75.3
 +455398.9 +6716105.1  78.8
 +473150.1 +6687609.2  84.0
 +492046.3 +6686920.9  79.7
 +510944.5 +6686292.4  78.2
 +529844.7 +6685723.8  76.0
 +548746.5 +6685215.0  78.4
 +567649.9 +6684766.0  79.9
 +586554.6 +6684376.9  77.8
 +605460.4 +6684047.7  74.5
 +624367.2 +6683778.3  70.3
 +643274.7 +6683568.8  81.4
 +662182.8 +6683419.1  75.9
 +681091.3 +6683329.3  60.1
 +700000.0 +6683299.4  67.4
 +718908.7 +6683329.3  80.1
 +737817.2 +6683419.1  81.4
 +756725.3 +6683568.8  82.1
 +775632.8 +6683778.3  83.4
 +794539.6 +6684047.7  78.9
 +813445.4 +6684376.9  76.4
 +832350.1 +6684766.0  75.6
 +851253.5 +6685215.0  70.6
 +870155.3 +6685723.8  63.6
 +889055.5 +6686292.4  63.1
 +907953.7 +6686920.9  68.4
 +926849.9 +6687609.2  65.8
 +945743.8 +6688357.4  70.9
 +964635.2 +6689165.3  65.4
 +983524.0 +6690033.1  44.0
+1002409.9 +6690960.6  39.6
+1021292.8 +6691947.9  25.1
+1040172.5 +6692995.1  21.3
+1059048.8 +6694102.0  15.7
+1077921.5 +6695268.6  13.3
+1096790.4 +6696495.0  13.9
+1115655.3 +6697781.1  14.1
+1134516.0 +6699127.0  24.5
+1153372.4 +6700532.5  32.8
+1172224.2 +6701997.8  38.6
+1191071.3 +6703522.7  41.6
+1209913.5 +6705107.3  42.4
  +95956.0 +6713924.6 118.3
 +114770.7 +6712042.0 115.7
 +133591.3 +6710218.9 122.1
 +152417.6 +6708455.4 122.7
 +171249.4 +6706751.5 121.1
 +190086.5 +6705107.3 123.1
 +208928.7 +6703522.7 127.4
 +227775.8 +6701997.8 134.1
 +246627.6 +6700532.5 135.1
 +265484.0 +6699127.0 128.9
 +284344.7 +6697781.1 125.7
 +303209.6 +6696495.0 115.6
 +322078.5 +6695268.6  99.2
 +340951.2 +6694102.0  92.1
 +359827.5 +6692995.1  87.0
 +378707.2 +6691947.9  82.7
 +397590.1 +6690960.6  79.7
 +416476.0 +6690033.1  78.7
 +435364.8 +6689165.3  78.1
 +454256.2 +6688357.4  81.6
 +472095.4 +6659860.7  77.8
 +491079.4 +6659169.2  69.6
 +510065.5 +6658537.8  72.7
 +529053.5 +6657966.5  76.1
 +548043.3 +6657455.4  78.4
 +567034.5 +6657004.3  80.0
 +586027.1 +6656613.4  79.6
 +605020.8 +6656282.7  76.3
 +624015.5 +6656012.0  69.3
 +643011.0 +6655801.5  69.0
 +662007.0 +6655651.1  63.4
 +681003.4 +6655560.9  55.1
 +700000.0 +6655530.9  56.8
 +718996.6 +6655560.9  70.2
 +737993.0 +6655651.1  71.0
 +756989.0 +6655801.5  76.3
 +775984.5 +6656012.0  78.3
 +794979.2 +6656282.7  72.9
 +813972.9 +6656613.4  72.3
 +832965.5 +6657004.3  73.2
 +851956.7 +6657455.4  68.6
 +870946.5 +6657966.5  67.3
 +889934.5 +6658537.8  67.1
 +908920.6 +6659169.2  72.4
 +927904.6 +6659860.7  78.3
 +946886.4 +6660612.4  74.5
 +965865.7 +6661424.1  68.9
 +984842.3 +6662295.8  58.9
+1003816.0 +6663227.7  42.5
+1022786.7 +6664219.6  23.3
+1041754.2 +6665271.6  16.1
+1060718.2 +6666383.7  20.1
+1079678.6 +6667555.7  21.6
+1098635.3 +6668787.8  26.2
+1117587.9 +6670079.9  35.0
+1136536.3 +6671432.0  49.3
+1155480.4 +6672844.1  57.8
+1174419.9 +6674316.2  56.5
+1193354.6 +6675848.2  56.9
+1212284.4 +6677440.2  57.6
  +93147.5 +6686298.5 119.1
 +112049.7 +6684407.1 118.9
 +130957.8 +6682575.5 112.0
 +149871.6 +6680803.8 111.8
 +168790.9 +6679092.1 115.3
 +187715.6 +6677440.2 117.9
 +206645.4 +6675848.2 121.3
 +225580.1 +6674316.2 124.2
 +244519.6 +6672844.1 127.5
 +263463.7 +6671432.0 125.6
 +282412.1 +6670079.9 113.6
 +301364.7 +6668787.8 103.6
 +320321.4 +6667555.7  97.2
 +339281.8 +6666383.7  90.4
 +358245.8 +6665271.6  85.2
 +377213.3 +6664219.6  81.5
 +396184.0 +6663227.7  80.2
 +415157.7 +6662295.8  79.3
 +434134.3 +6661424.1  83.6
 +453113.6 +6660612.4  79.5
 +471040.7 +6632114.5  64.8
 +490112.6 +6631419.8  68.3
 +509186.5 +6630785.5  70.8
 +528262.4 +6630211.5  80.5
 +547340.1 +6629698.0  83.3
 +566419.2 +6629244.9  85.0
 +585499.7 +6628852.2  87.4
 +604581.3 +6628519.8  81.6
 +623663.9 +6628248.0  72.9
 +642747.3 +6628036.5  81.2
 +661831.2 +6627885.4  78.9
 +680915.5 +6627794.8  58.7
 +700000.0 +6627764.6  54.6
 +719084.5 +6627794.8  54.4
 +738168.8 +6627885.4  68.1
 +757252.7 +6628036.5  70.6
 +776336.1 +6628248.0  69.3
 +795418.7 +6628519.8  63.9
 +814500.3 +6628852.2  64.2
 +833580.8 +6629244.9  71.1
 +852659.9 +6629698.0  73.0
 +871737.6 +6630211.5  73.0
 +890813.5 +6630785.5  74.8
 +909887.4 +6631419.8  77.0
 +928959.3 +6632114.5  77.8
 +948028.9 +6632869.6  71.3
 +967096.0 +6633685.0  66.2
 +986160.4 +6634560.9  51.5
+1005222.0 +6635497.0  42.1
+1024280.5 +6636493.6  31.9
+1043335.7 +6637550.4  39.9
+1062387.5 +6638667.6  43.9
+1081435.7 +6639845.1  45.0
+1100480.0 +6641082.9  51.7
+1119520.3 +6642381.0  59.6
+1138556.4 +6643739.3  71.1
+1157588.2 +6645158.0  64.8
+1176615.3 +6646636.8  57.2
+1195637.7 +6648176.0  60.5
+1214655.1 +6649775.3  57.6
  +90339.2 +6658674.6 113.4
 +109328.8 +6656774.4 111.6
 +128324.5 +6654934.4 108.4
 +147325.8 +6653154.5 107.2
 +166332.7 +6651434.8 108.3
 +185344.9 +6649775.3 113.3
 +204362.3 +6648176.0 116.3
 +223384.7 +6646636.8 117.5
 +242411.8 +6645158.0 113.1
 +261443.6 +6643739.3 108.5
 +280479.7 +6642381.0 105.9
 +299520.0 +6641082.9 102.4
 +318564.3 +6639845.1  97.8
 +337612.5 +6638667.6  91.0
 +356664.3 +6637550.4  84.8
 +375719.5 +6636493.6  80.2
 +394778.0 +6635497.0  78.4
 +413839.6 +6634560.9  80.5
 +432904.0 +6633685.0  85.4
 +451971.1 +6632869.6  75.9
 +469986.1 +6604370.0  66.0
 +489145.8 +6603672.0  75.6
 +508307.6 +6603034.8  79.6
 +527471.4 +6602458.2  77.7
 +546636.9 +6601942.3  80.6
 +565803.9 +6601487.1  84.0
 +584972.3 +6601092.6  89.2
 +604141.8 +6600758.7  79.6
 +623312.3 +6600485.6  80.8
 +642483.6 +6600273.2  91.4
 +661655.4 +6600121.4  87.4
 +680827.6 +6600030.4  81.6
 +700000.0 +6600000.0  75.4
 +719172.4 +6600030.4  72.6
 +738344.6 +6600121.4  70.7
 +757516.4 +6600273.2  68.8
 +776687.7 +6600485.6  68.1
 +795858.2 +6600758.7  69.1
 +815027.7 +6601092.6  70.8
 +834196.1 +6601487.1  74.1
 +853363.1 +6601942.3  73.3
 +872528.6 +6602458.2  68.3
 +891692.4 +6603034.8  74.4
 +910854.2 +6603672.0  77.5
 +930013.9 +6604370.0  78.6
 +949171.3 +6605128.5  63.8
 +968326.2 +6605947.7  57.7
 +987478.5 +6606827.6  58.4
+1006627.8 +6607768.1  59.4
+1025774.1 +6608769.2  56.2
+1044917.1 +6609830.9  50.2
+1064056.7 +6610953.2  53.5
+1083192.6 +6612136.2  53.1
+1102324.6 +6613379.7  51.2
+1121452.7 +6614683.7  54.1
+1140576.5 +6616048.4  56.3
+1159695.8 +6617473.5  57.4
+1178810.6 +6618959.2  55.8
+1197920.6 +6620505.4  53.6
+1217025.6 +6622112.1  50.1
  +87531.0 +6631052.4 111.3
 +106608.2 +6629143.5 109.7
 +125691.3 +6627295.0 108.0
 +144780.2 +6625506.9 104.9
 +163874.6 +6623779.3 103.4
 +182974.4 +6622112.1 103.3
 +202079.4 +6620505.4 102.2
 +221189.4 +6618959.2 101.9
 +240304.2 +6617473.5 102.5
 +259423.5 +6616048.4 103.5
 +278547.3 +6614683.7 103.7
 +297675.4 +6613379.7 103.3
 +316807.4 +6612136.2 103.8
 +335943.3 +6610953.2 101.5
 +355082.9 +6609830.9  95.5
 +374225.9 +6608769.2  84.7
 +393372.2 +6607768.1  80.0
 +412521.5 +6606827.6  83.1
 +431673.8 +6605947.7  73.1
 +450828.7 +6605128.5  67.7
 +468931.5 +6576626.6  63.7
 +488179.1 +6575925.5  71.8
 +507428.8 +6575285.3  76.9
 +526680.4 +6574706.1  78.8
 +545933.8 +6574187.8  82.5
 +565188.7 +6573730.5  80.9
 +584444.9 +6573334.2  75.3
 +603702.3 +6572998.8  86.3
 +622960.7 +6572724.4  93.0
 +642219.9 +6572511.0  94.0
 +661479.6 +6572358.6  90.0
 +680739.7 +6572267.1  77.9
 +700000.0 +6572236.6  59.1
 +719260.3 +6572267.1  60.4
 +738520.4 +6572358.6  61.7
 +757780.1 +6572511.0  62.2
 +777039.3 +6572724.4  63.3
 +796297.7 +6572998.8  68.0
 +815555.1 +6573334.2  75.4
 +834811.3 +6573730.5  69.1
 +854066.2 +6574187.8  68.8
 +873319.6 +6574706.1  74.5
 +892571.2 +6575285.3  73.7
 +911820.9 +6575925.5  72.3
 +931068.5 +6576626.6  71.6
 +950313.7 +6577388.6  62.5
 +969556.5 +6578211.6  64.3
 +988796.5 +6579095.5  75.1
+1008033.6 +6580040.3  74.4
+1027267.7 +6581046.0  65.6
+1046498.5 +6582112.6  50.3
+1065725.8 +6583240.1  47.4
+1084949.4 +6584428.4  38.7
+1104169.2 +6585677.6  26.2
+1123384.9 +6586987.7  27.7
+1142596.4 +6588358.5  31.0
+1161803.4 +6589790.2  35.9
+1181005.9 +6591282.7  38.8
+1200203.4 +6592836.0  39.5
+1219396.0 +6594450.1  37.2
  +84723.0 +6603431.4 110.1
 +103887.6 +6601513.7 108.2
 +123058.2 +6599656.7 103.1
 +142234.6 +6597860.4 109.1
 +161416.6 +6596124.9 108.8
 +180604.0 +6594450.1 102.1
 +199796.6 +6592836.0 100.2
 +218994.1 +6591282.7  99.5
 +238196.6 +6589790.2  99.9
 +257403.6 +6588358.5 100.3
 +276615.1 +6586987.7 100.6
 +295830.8 +6585677.6 100.8
 +315050.6 +6584428.4 109.5
 +334274.2 +6583240.1 110.3
 +353501.5 +6582112.6 102.6
 +372732.3 +6581046.0  93.1
 +391966.4 +6580040.3  81.5
 +411203.5 +6579095.5  69.4
 +430443.5 +6578211.6  64.7
 +449686.3 +6577388.6  63.1
 +467877.0 +6548883.9  73.6
 +487212.4 +6548179.6  72.1
 +506550.0 +6547536.5  75.1
 +525889.4 +6546954.6  77.5
 +545230.7 +6546434.0  69.6
 +564573.4 +6545974.6  68.4
 +583917.6 +6545576.5  75.2
 +603262.9 +6545239.6  74.9
 +622609.1 +6544963.9  81.5
 +641956.2 +6544749.5  94.6
 +661303.8 +6544596.4  91.9
 +680651.8 +6544504.5  80.6
 +700000.0 +6544473.9  62.9
 +719348.2 +6544504.5  63.1
 +738696.2 +6544596.4  64.7
 +758043.8 +6544749.5  68.4
 +777390.9 +6544963.9  61.1
 +796737.1 +6545239.6  62.8
 +816082.4 +6545576.5  66.5
 +835426.6 +6545974.6  64.7
 +854769.3 +6546434.0  65.5
 +874110.6 +6546954.6  71.2
 +893450.0 +6547536.5  72.4
 +912787.6 +6548179.6  69.7
 +932123.0 +6548883.9  59.6
 +951456.1 +6549649.4  68.9
 +970786.6 +6550476.1  74.0
 +990114.5 +6551364.1  82.8
+1009439.4 +6552313.2  72.6
+1028761.2 +6553323.5  61.9
+1048079.8 +6554394.9  45.6
+1067394.8 +6555527.5  43.0
+1086706.2 +6556721.3  35.0
+1106013.7 +6557976.2  23.8
+1125317.1 +6559292.2  19.7
+1144616.3 +6560669.4  20.4
+1163911.0 +6562107.6  19.5
+1183201.0 +6563606.9  31.0
+1202486.2 +6565167.3  34.0
+1221766.4 +6566788.7  34.5
  +81915.1 +6575811.0  99.5
 +101167.2 +6573884.6  98.8
 +120425.2 +6572019.1 100.3
 +139689.1 +6570214.6 101.1
 +158958.7 +6568471.2 100.9
 +178233.6 +6566788.7  99.9
 +197513.8 +6565167.3 100.1
 +216799.0 +6563606.9  99.4
 +236089.0 +6562107.6  98.5
 +255383.7 +6560669.4  99.7
 +274682.9 +6559292.2  99.5
 +293986.3 +6557976.2  96.7
 +313293.8 +6556721.3  96.9
 +332605.2 +6555527.5  98.4
 +351920.2 +6554394.9 103.1
 +371238.8 +6553323.5  86.1
 +390560.6 +6552313.2  73.8
 +409885.5 +6551364.1  64.5
 +429213.4 +6550476.1  61.3
 +448543.9 +6549649.4  62.3
 +466822.5 +6521141.3  59.9
 +486245.7 +6520433.8  65.3
 +505671.1 +6519787.8  68.0
 +525098.5 +6519203.3  65.9
 +544527.5 +6518680.3  63.2
 +563958.2 +6518218.8  65.9
 +583390.2 +6517818.9  71.0
 +602823.4 +6517480.4  77.5
 +622257.5 +6517203.5  78.6
 +641692.5 +6516988.2  79.1
 +661128.0 +6516834.3  84.2
 +680563.9 +6516742.0  83.7
 +700000.0 +6516711.2  69.1
 +719436.1 +6516742.0  65.9
 +738872.0 +6516834.3  66.9
 +758307.5 +6516988.2  72.9
 +777742.5 +6517203.5  64.1
 +797176.6 +6517480.4  61.7
 +816609.8 +6517818.9  66.3
 +836041.8 +6518218.8  63.6
 +855472.5 +6518680.3  56.8
 +874901.5 +6519203.3  53.8
 +894328.9 +6519787.8  56.2
 +913754.3 +6520433.8  62.3
 +933177.5 +6521141.3  62.7
 +952598.4 +6521910.3  69.2
 +972016.8 +6522740.8  71.0
 +991432.5 +6523632.7  74.5
+1010845.2 +6524586.2  58.9
+1030254.8 +6525601.0  44.9
+1049661.1 +6526677.4  33.0
+1069063.9 +6527815.1  29.4
+1088463.0 +6529014.3  22.8
+1107858.2 +6530274.9  12.9
+1127249.3 +6531596.9  10.8
+1146636.1 +6532980.3  10.9
+1166018.5 +6534425.1  10.8
+1185396.2 +6535931.2  17.1
+1204769.0 +6537498.7  18.1
+1224136.8 +6539127.5  18.1
  +79107.1 +6548190.7 104.2
  +98446.7 +6546255.6 100.8
 +117792.3 +6544381.6  97.1
 +137143.7 +6542569.0  98.3
 +156500.7 +6540817.6  98.6
 +175863.2 +6539127.5  97.5
 +195231.0 +6537498.7  97.9
 +214603.8 +6535931.2  97.4
 +233981.5 +6534425.1  96.0
 +253363.9 +6532980.3  96.7
 +272750.7 +6531596.9  96.1
 +292141.8 +6530274.9  94.1
 +311537.0 +6529014.3  98.7
 +330936.1 +6527815.1 100.3
 +350338.9 +6526677.4  99.7
 +369745.2 +6525601.0  81.5
 +389154.8 +6524586.2  74.4
 +408567.5 +6523632.7  73.0
 +427983.2 +6522740.8  71.4
 +447401.6 +6521910.3  63.6
 +465767.9 +6493398.3  61.0
 +485279.0 +6492687.6  52.8
 +504792.3 +6492038.7  55.5
 +524307.5 +6491451.5  57.5
 +543824.4 +6490926.2  71.6
 +563342.9 +6490462.6  74.3
 +582862.8 +6490060.9  75.1
 +602383.9 +6489720.9  77.0
 +621905.9 +6489442.7  78.1
 +641428.8 +6489226.4  78.7
 +660952.2 +6489071.9  80.7
 +680476.0 +6488979.1  80.2
 +700000.0 +6488948.2  69.5
 +719524.0 +6488979.1  62.7
 +739047.8 +6489071.9  63.7
 +758571.2 +6489226.4  67.4
 +778094.1 +6489442.7  70.9
 +797616.1 +6489720.9  68.6
 +817137.2 +6490060.9  71.9
 +836657.1 +6490462.6  64.7
 +856175.6 +6490926.2  57.9
 +875692.5 +6491451.5  45.3
 +895207.7 +6492038.7  47.2
 +914721.0 +6492687.6  53.2
 +934232.1 +6493398.3  73.4
 +953740.8 +6494170.8  74.6
 +973247.0 +6495005.0  76.4
 +992750.4 +6495901.0  72.4
+1012251.0 +6496858.8  55.3
+1031748.4 +6497878.2  41.2
+1051242.4 +6498959.4  22.3
+1070733.0 +6500102.4  16.0
+1090219.8 +6501307.0   9.4
+1109702.7 +6502573.3   9.8
+1129181.5 +6503901.2  11.6
+1148656.0 +6505290.9  11.6
+1168126.1 +6506742.2  12.6
+1187591.4 +6508255.1  15.0
+1207051.8 +6509829.7  16.0
+1226507.2 +6511465.8  13.9
  +76299.2 +6520570.1 109.2
  +95726.2 +6518626.2 105.9
 +115159.2 +6516743.8 104.3
 +134598.2 +6514922.9  97.7
 +154042.8 +6513163.6  97.9
 +173492.8 +6511465.8  94.5
 +192948.2 +6509829.7  94.9
 +212408.6 +6508255.1  94.3
 +231873.9 +6506742.2  94.7
 +251344.0 +6505290.9 101.3
 +270818.5 +6503901.2 100.7
 +290297.3 +6502573.3  92.4
 +309780.2 +6501307.0  93.2
 +329267.0 +6500102.4  94.8
 +348757.6 +6498959.4  88.0
 +368251.6 +6497878.2  88.4
 +387749.0 +6496858.8  81.2
 +407249.6 +6495901.0  64.3
 +426753.0 +6495005.0  76.1
 +446259.2 +6494170.8  68.2
 +464713.4 +6465654.5  64.0
 +484312.3 +6464940.5  54.0
 +503913.4 +6464288.7  50.7
 +523516.5 +6463698.9  53.5
 +543121.3 +6463171.2  69.2
 +562727.7 +6462705.5  76.8
 +582335.5 +6462302.0  77.0
 +601944.4 +6461960.5  78.0
 +621554.3 +6461681.1  78.6
 +641165.1 +6461463.7  79.9
 +660776.4 +6461308.5  81.7
 +680388.1 +6461215.4  77.1
 +700000.0 +6461184.3  65.5
 +719611.9 +6461215.4  60.9
 +739223.6 +6461308.5  63.4
 +758834.9 +6461463.7  66.3
 +778445.7 +6461681.1  70.5
 +798055.6 +6461960.5  69.6
 +817664.5 +6462302.0  71.4
 +837272.3 +6462705.5  63.3
 +856878.7 +6463171.2  57.3
 +876483.5 +6463698.9  46.7
 +896086.6 +6464288.7  50.4
 +915687.7 +6464940.5  58.0
 +935286.6 +6465654.5  75.9
 +954883.2 +6466430.4  73.8
 +974477.2 +6467268.4  75.2
 +994068.5 +6468168.4  75.0
+1013656.8 +6469130.5  55.5
+1033242.0 +6470154.5  32.7
+1052823.8 +6471240.6  13.3
+1072402.1 +6472388.7   8.0
+1091976.7 +6473598.7   8.5
+1111547.3 +6474870.7  10.0
+1131113.8 +6476204.7  11.4
+1150676.0 +6477600.6  10.7
+1170233.7 +6479058.4  11.3
+1189786.6 +6480578.1  14.8
+1209334.7 +6482159.8  19.0
+1228877.6 +6483803.3  17.5
  +73491.1 +6492948.5 110.0
  +93005.6 +6490995.9 107.0
 +112526.1 +6489105.0 104.6
 +132052.6 +6487275.9  98.6
 +151584.7 +6485508.7  97.5
 +171122.4 +6483803.3  94.3
 +190665.3 +6482159.8  94.4
 +210213.4 +6480578.1  93.4
 +229766.3 +6479058.4  93.5
 +249324.0 +6477600.6  99.2
 +268886.2 +6476204.7  97.6
 +288452.7 +6474870.7  89.8
 +308023.3 +6473598.7  89.1
 +327597.9 +6472388.7  91.6
 +347176.2 +6471240.6  87.9
 +366758.0 +6470154.5  88.0
 +386343.2 +6469130.5  82.7
 +405931.5 +6468168.4  67.2
 +425522.8 +6467268.4  73.9
 +445116.8 +6466430.4  68.0
 +463658.7 +6437909.2  56.1
 +483345.5 +6437192.0  51.2
 +503034.5 +6436537.3  48.0
 +522725.4 +6435944.8  61.3
 +542418.1 +6435414.7  67.4
 +562112.4 +6434947.0  75.0
 +581808.0 +6434541.6  72.8
 +601504.9 +6434198.6  73.4
 +621202.7 +6433917.9  74.0
 +640901.4 +6433699.7  72.4
 +660600.6 +6433543.7  73.2
 +680300.2 +6433450.2  68.5
 +700000.0 +6433419.0  57.7
 +719699.8 +6433450.2  63.7
 +739399.4 +6433543.7  66.2
 +759098.6 +6433699.7  68.7
 +778797.3 +6433917.9  68.2
 +798495.1 +6434198.6  67.3
 +818192.0 +6434541.6  62.3
 +837887.6 +6434947.0  56.4
 +857581.9 +6435414.7  50.4
 +877274.6 +6435944.8  51.9
 +896965.5 +6436537.3  58.5
 +916654.5 +6437192.0  66.2
 +936341.3 +6437909.2  65.0
 +956025.7 +6438688.6  58.0
 +975707.5 +6439530.3  59.3
 +995386.6 +6440434.4  65.2
+1015062.7 +6441400.8  44.5
+1034735.7 +6442429.4  21.7
+1054405.3 +6443520.3   6.6
+1074071.3 +6444673.5   7.6
+1093733.6 +6445889.0   8.1
+1113392.0 +6447166.7   9.7
+1133046.2 +6448506.6  10.0
+1152696.1 +6449908.8   9.2
+1172341.4 +6451373.2   8.7
+1191982.0 +6452899.7  16.0
+1211617.7 +6454488.5  20.3
+1231248.2 +6456139.3  17.9
  +70682.9 +6465325.6 106.8
  +90284.8 +6463364.2 103.8
 +109892.9 +6461464.8  99.5
 +129506.9 +6459627.5  98.4
 +149126.6 +6457852.4  97.3
 +168751.8 +6456139.3  94.9
 +188382.3 +6454488.5  94.6
 +208018.0 +6452899.7  93.6
 +227658.6 +6451373.2  92.8
 +247303.9 +6449908.8  92.1
 +266953.8 +6448506.6  90.4
 +286608.0 +6447166.7  85.5
 +306266.4 +6445889.0  90.1
 +325928.7 +6444673.5  92.6
 +345594.7 +6443520.3  94.3
 +365264.3 +6442429.4  88.1
 +384937.3 +6441400.8  82.8
 +404613.4 +6440434.4  77.6
 +424292.5 +6439530.3  68.4
 +443974.3 +6438688.6  62.6
 +462604.0 +6410161.9  46.0
 +482378.7 +6409441.6  44.0
 +502155.5 +6408783.9  46.2
 +521934.3 +6408188.8  68.3
 +541714.9 +6407656.4  66.7
 +561497.0 +6407186.6  72.2
 +581280.6 +6406779.4  68.8
 +601065.3 +6406434.8  68.3
 +620851.1 +6406152.9  67.0
 +640637.6 +6405933.6  64.6
 +660424.8 +6405777.0  62.2
 +680212.3 +6405683.0  58.2
 +700000.0 +6405651.7  50.2
 +719787.7 +6405683.0  58.7
 +739575.2 +6405777.0  57.2
 +759362.4 +6405933.6  60.0
 +779148.9 +6406152.9  58.3
 +798934.7 +6406434.8  55.5
 +818719.4 +6406779.4  48.7
 +838503.0 +6407186.6  45.7
 +858285.1 +6407656.4  51.2
 +878065.7 +6408188.8  55.8
 +897844.5 +6408783.9  59.6
 +917621.3 +6409441.6  52.6
 +937396.0 +6410161.9  46.3
 +957168.2 +6410944.8  42.9
 +976937.9 +6411790.3  49.2
 +996704.8 +6412698.4  48.6
+1016468.7 +6413669.1  34.2
+1036229.5 +6414702.3  19.1
+1055986.9 +6415798.1   5.4
+1075740.7 +6416956.5   7.9
+1095490.7 +6418177.4   8.2
+1115236.8 +6419460.8   9.7
+1134978.7 +6420806.7  10.7
+1154716.3 +6422215.1  20.6
+1174449.3 +6423686.0  20.5
+1194177.5 +6425219.4  27.9
+1213900.8 +6426815.2  28.4
+1233619.0 +6428473.5  22.9
  +67874.5 +6437700.7 103.3
  +87563.9 +6435730.5 102.3
 +107259.5 +6433822.7 100.7
 +126961.0 +6431977.2  99.2
 +146668.2 +6430194.1  97.9
 +166381.0 +6428473.5  95.1
 +186099.2 +6426815.2  94.9
 +205822.5 +6425219.4  92.9
 +225550.7 +6423686.0  92.6
 +245283.7 +6422215.1  91.2
 +265021.3 +6420806.7  92.4
 +284763.2 +6419460.8  86.2
 +304509.3 +6418177.4  96.5
 +324259.3 +6416956.5  97.2
 +344013.1 +6415798.1  94.3
 +363770.5 +6414702.3  89.7
 +383531.3 +6413669.1  80.3
 +403295.2 +6412698.4  72.8
 +423062.1 +6411790.3  68.3
 +442831.8 +6410944.8  60.0
 +461549.2 +6382412.2  43.1
 +481411.7 +6381688.7  38.7
 +501276.4 +6381028.1  38.9
 +521143.1 +6380430.4  47.8
 +541011.6 +6379895.6  62.1
 +560881.6 +6379423.6  69.7
 +580753.1 +6379014.6  65.9
 +600625.8 +6378668.6  62.2
 +620499.4 +6378385.4  61.0
 +640373.9 +6378165.2  60.9
 +660248.9 +6378007.8  56.3
 +680124.4 +6377913.4  52.6
 +700000.0 +6377882.0  51.3
 +719875.6 +6377913.4  46.4
 +739751.1 +6378007.8  43.1
 +759626.1 +6378165.2  39.1
 +779500.6 +6378385.4  34.8
 +799374.2 +6378668.6  32.4
 +819246.9 +6379014.6  33.4
 +839118.4 +6379423.6  40.2
 +858988.4 +6379895.6  46.9
 +878856.9 +6380430.4  54.0
 +898723.6 +6381028.1  45.1
 +918588.3 +6381688.7  36.5
 +938450.8 +6382412.2  28.3
 +958310.9 +6383198.6  32.5
 +978168.4 +6384047.9  40.9
 +998023.1 +6384960.0  51.4
+1017874.8 +6385935.0  45.4
+1037723.4 +6386972.8  30.0
+1057568.6 +6388073.5  11.8
+1077410.2 +6389237.0  12.5
+1097248.0 +6390463.3  12.3
+1117081.8 +6391752.4   9.9
+1136911.4 +6393104.3  17.9
+1156736.7 +6394519.0  30.3
+1176557.4 +6395996.4  45.3
+1196373.3 +6397536.6  49.5
+1216184.2 +6399139.5  49.8
+1235989.9 +6400805.1  46.1
  +65065.8 +6410073.4 105.5
  +84842.8 +6408094.4 105.0
 +104625.8 +6406178.1 101.6
 +124414.9 +6404324.5 102.2
 +144209.7 +6402533.5 101.1
 +164010.1 +6400805.1  98.6
 +183815.8 +6399139.5  99.0
 +203626.7 +6397536.6  96.5
 +223442.6 +6395996.4  92.2
 +243263.3 +6394519.0  94.1
 +263088.6 +6393104.3  96.6
 +282918.2 +6391752.4  99.8
 +302752.0 +6390463.3 101.3
 +322589.8 +6389237.0 101.1
 +342431.4 +6388073.5  96.0
 +362276.6 +6386972.8  85.7
 +382125.2 +6385935.0  75.4
 +401976.9 +6384960.0  67.6
 +421831.6 +6384047.9  59.4
 +441689.1 +6383198.6  51.4
 +460494.3 +6354659.6  42.2
 +480444.7 +6353932.9  35.9
 +500397.3 +6353269.3  44.5
 +520351.8 +6352669.0  68.5
 +540308.2 +6352131.8  65.8
 +560266.2 +6351657.8  63.5
 +580225.6 +6351247.0  61.4
 +600186.1 +6350899.4  59.7
 +620147.7 +6350614.9  55.7
 +640110.1 +6350393.7  49.4
 +660073.1 +6350235.7  50.3
 +680036.4 +6350140.9  49.7
 +700000.0 +6350109.3  47.7
 +719963.6 +6350140.9  41.7
 +739926.9 +6350235.7  33.8
 +759889.9 +6350393.7  23.6
 +779852.3 +6350614.9  19.4
 +799813.9 +6350899.4  21.0
 +819774.4 +6351247.0  27.1
 +839733.8 +6351657.8  35.5
 +859691.8 +6352131.8  42.7
 +879648.2 +6352669.0  49.8
 +899602.7 +6353269.3  39.0
 +919555.3 +6353932.9  30.8
 +939505.7 +6354659.6  24.9
 +959453.6 +6355449.4  28.4
 +979399.0 +6356302.5  31.7
 +999341.6 +6357218.6  35.7
+1019281.1 +6358197.9  41.7
+1039217.5 +6359240.4  41.1
+1059150.5 +6360345.9  32.7
+1079079.8 +6361514.5  24.7
+1099005.4 +6362746.3  21.5
+1118926.9 +6364041.1  22.7
+1138844.3 +6365399.0  31.5
+1158757.3 +6366819.9  39.7
+1178665.6 +6368303.9  48.2
+1198569.2 +6369850.9  44.4
+1218467.8 +6371460.9  44.6
+1238361.2 +6373133.9  48.3
  +62256.9 +6382443.1 112.8
  +82121.3 +6380455.4 110.3
 +101991.9 +6378530.6 102.5
 +121868.5 +6376668.8 103.4
 +141750.9 +6374869.8 103.0
 +161638.8 +6373133.9 100.1
 +181532.2 +6371460.9 105.0
 +201430.8 +6369850.9 104.2
 +221334.4 +6368303.9  99.2
 +241242.7 +6366819.9  87.8
 +261155.7 +6365399.0  89.8
 +281073.1 +6364041.1 106.1
 +300994.6 +6362746.3 101.9
 +320920.2 +6361514.5  94.2
 +340849.5 +6360345.9  83.5
 +360782.5 +6359240.4  75.5
 +380718.9 +6358197.9  71.2
 +400658.4 +6357218.6  69.4
 +420601.0 +6356302.5  61.0
 +440546.4 +6355449.4  52.1
 +459439.3 +6326903.5  38.7
 +479477.6 +6326173.6  28.0
 +499518.0 +6325507.1  35.4
 +519560.5 +6324904.1  61.1
 +539604.8 +6324364.5  60.8
 +559650.7 +6323888.4  58.7
 +579697.9 +6323475.8  55.0
 +599746.4 +6323126.7  42.9
 +619796.0 +6322841.0  38.6
 +639846.3 +6322618.8  42.3
 +659897.2 +6322460.1  43.6
 +679948.5 +6322364.9  42.5
 +700000.0 +6322333.1  39.0
 +720051.5 +6322364.9  32.1
 +740102.8 +6322460.1  24.6
 +760153.7 +6322618.8  16.5
 +780204.0 +6322841.0  14.8
 +800253.6 +6323126.7  20.8
 +820302.1 +6323475.8  33.6
 +840349.3 +6323888.4  37.8
 +860395.2 +6324364.5  40.5
 +880439.5 +6324904.1  42.8
 +900482.0 +6325507.1  32.1
 +920522.4 +6326173.6  24.8
 +940560.7 +6326903.5  20.5
 +960596.5 +6327696.8  21.5
 +980629.8 +6328553.6  21.1
+1000660.2 +6329473.8  20.1
+1020687.6 +6330457.4  23.5
+1040711.8 +6331504.4  27.6
+1060732.5 +6332614.8  31.5
+1080749.7 +6333788.6  27.8
+1100763.0 +6335025.8  26.5
+1120772.3 +6336326.3  27.3
+1140777.4 +6337690.2  34.6
+1160778.1 +6339117.4  39.0
+1180774.2 +6340607.9  41.3
+1200765.4 +6342161.7  44.5
+1220751.7 +6343778.8  45.3
+1240732.7 +6345459.1  43.6
  +59447.6 +6354809.4 105.6
  +79399.5 +6352812.9 106.2
  +99357.6 +6350879.7 104.9
 +119321.8 +6349009.6 105.4
 +139291.7 +6347202.7 108.8
 +159267.3 +6345459.1 114.4
 +179248.3 +6343778.8 113.6
 +199234.6 +6342161.7 107.3
 +219225.8 +6340607.9  96.6
 +239221.9 +6339117.4  99.2
 +259222.6 +6337690.2  98.1
 +279227.7 +6336326.3  93.9
 +299237.0 +6335025.8  86.5
 +319250.3 +6333788.6  77.7
 +339267.5 +6332614.8  67.5
 +359288.2 +6331504.4  68.5
 +379312.4 +6330457.4  67.2
 +399339.8 +6329473.8  63.0
 +419370.2 +6328553.6  59.4
 +439403.5 +6327696.8  51.4
 +458384.1 +6299143.4  41.9
 +478510.3 +6298410.3  44.3
 +498638.6 +6297740.9  49.1
 +518769.0 +6297135.2  50.5
 +538901.2 +6296593.3  53.5
 +559035.0 +6296115.1  53.0
 +579170.3 +6295700.7  52.5
 +599306.7 +6295350.0  43.3
 +619444.1 +6295063.1  39.5
 +639582.4 +6294839.9  41.7
 +659721.3 +6294680.5  36.1
 +679860.5 +6294584.9  32.4
 +700000.0 +6294553.0  24.9
 +720139.5 +6294584.9  22.1
 +740278.7 +6294680.5  17.1
 +760417.6 +6294839.9  14.9
 +780555.9 +6295063.1  23.7
 +800693.3 +6295350.0  30.8
 +820829.7 +6295700.7  38.6
 +840965.0 +6296115.1  39.4
 +861098.8 +6296593.3  40.9
 +881231.0 +6297135.2  40.4
 +901361.4 +6297740.9  32.2
 +921489.7 +6298410.3  25.5
 +941615.9 +6299143.4  21.9
 +961739.6 +6299940.2  16.1
 +981860.7 +6300800.7  14.4
+1001979.0 +6301725.0  14.0
+1022094.2 +6302712.9  14.7
+1042206.3 +6303764.5  17.1
+1062314.8 +6304879.8  17.1
+1082419.8 +6306058.7  21.2
+1102520.9 +6307301.3  23.1
+1122618.0 +6308607.5  29.8
+1142710.9 +6309977.4  33.5
+1162799.3 +6311410.8  37.5
+1182883.1 +6312907.9  41.0
+1202962.0 +6314468.5  44.6
+1223035.9 +6316092.7  45.7
+1243104.5 +6317780.4  44.8
  +56637.9 +6327171.7  94.2
  +76677.3 +6325166.5  98.2
  +96723.0 +6323224.7 108.7
 +116774.7 +6321346.5 109.0
 +136832.3 +6319531.7 110.7
 +156895.5 +6317780.4 109.9
 +176964.1 +6316092.7 103.9
 +197038.0 +6314468.5  97.2
 +217116.9 +6312907.9  89.5
 +237200.7 +6311410.8  79.6
 +257289.1 +6309977.4  75.0
 +277382.0 +6308607.5  68.0
 +297479.1 +6307301.3  73.4
 +317580.2 +6306058.7  69.7
 +337685.2 +6304879.8  68.3
 +357793.7 +6303764.5  71.0
 +377905.8 +6302712.9  73.1
 +398021.0 +6301725.0  82.4
 +418139.3 +6300800.7  65.7
 +438260.4 +6299940.2  54.5
 +457328.8 +6271378.8  43.0
 +477542.8 +6270642.5  36.4
 +497759.1 +6269970.2  28.0
 +517977.4 +6269361.9  26.8
 +538197.5 +6268817.6  29.3
 +558419.3 +6268337.3  33.6
 +578642.5 +6267921.1  37.2
 +598866.9 +6267568.9  37.3
 +619092.3 +6267280.7  39.9
 +639318.5 +6267056.6  39.8
 +659545.3 +6266896.5  31.9
 +679772.6 +6266800.4  27.5
 +700000.0 +6266768.4  24.7
 +720227.4 +6266800.4  18.1
 +740454.7 +6266896.5  19.5
 +760681.5 +6267056.6  25.6
 +780907.7 +6267280.7  37.1
 +801133.1 +6267568.9  43.4
 +821357.5 +6267921.1  46.3
 +841580.7 +6268337.3  44.8
 +861802.5 +6268817.6  41.4
 +882022.6 +6269361.9  39.1
 +902240.9 +6269970.2  31.8
 +922457.2 +6270642.5  25.2
 +942671.2 +6271378.8  19.9
 +962882.9 +6272179.1  14.8
 +983091.9 +6273043.4  11.1
+1003298.0 +6273971.7   9.4
+1023501.1 +6274963.9  10.4
+1043701.0 +6276020.1  13.3
+1063897.4 +6277140.3  15.8
+1084090.2 +6278324.4  22.1
+1104279.1 +6279572.4  28.7
+1124464.0 +6280884.3  34.7
+1144644.6 +6282260.1  39.9
+1164820.7 +6283699.9  43.7
+1184992.3 +6285203.4  45.9
+1205158.9 +6286770.9  42.1
+1225320.5 +6288402.2  36.9
+1245476.8 +6290097.3  35.8
  +53827.7 +6299529.6  80.7
  +73954.7 +6297515.6  75.9
  +94087.9 +6295565.4  66.1
 +114227.2 +6293678.9  68.5
 +134372.4 +6291856.2  69.6
 +154523.2 +6290097.3  68.4
 +174679.5 +6288402.2  63.9
 +194841.1 +6286770.9  59.7
 +215007.7 +6285203.4  53.5
 +235179.3 +6283699.9  53.9
 +255355.4 +6282260.1  59.1
 +275536.0 +6280884.3  57.4
 +295720.9 +6279572.4  61.5
 +315909.8 +6278324.4  67.0
 +336102.6 +6277140.3  71.1
 +356299.0 +6276020.1  68.6
 +376498.9 +6274963.9  66.2
 +396702.0 +6273971.7  71.1
 +416908.1 +6273043.4  61.6
 +437117.1 +6272179.1  54.4
 +456273.2 +6243609.3  56.6
 +476575.2 +6242869.8  46.4
 +496879.4 +6242194.5  38.1
 +517185.7 +6241583.6  31.1
 +537493.8 +6241036.9  26.3
 +557803.5 +6240554.6  30.7
 +578114.6 +6240136.5  28.9
 +598427.0 +6239782.8  29.0
 +618740.4 +6239493.3  31.6
 +639054.6 +6239268.2  30.2
 +659369.4 +6239107.4  23.2
 +679684.6 +6239011.0  18.8
 +700000.0 +6238978.8  16.7
 +720315.4 +6239011.0  23.3
 +740630.6 +6239107.4  24.7
 +760945.4 +6239268.2  41.7
 +781259.6 +6239493.3  43.7
 +801573.0 +6239782.8  50.0
 +821885.4 +6240136.5  51.1
 +842196.5 +6240554.6  49.4
 +862506.2 +6241036.9  46.0
 +882814.3 +6241583.6  44.2
 +903120.6 +6242194.5  34.1
 +923424.8 +6242869.8  27.4
 +943726.8 +6243609.3  17.9
 +964026.3 +6244413.1  13.7
 +984323.2 +6245281.1  10.1
+1004617.3 +6246213.4  10.5
+1024908.3 +6247210.0  17.0
+1045196.0 +6248270.8  19.9
+1065480.3 +6249395.8  24.6
+1085760.9 +6250585.0  32.0
+1106037.6 +6251838.5  38.7
+1126310.3 +6253156.1  41.5
+1146578.7 +6254537.9  50.0
+1166842.6 +6255983.9  53.9
+1187101.8 +6257494.0  51.0
+1207356.2 +6259068.3  36.8
+1227605.5 +6260706.7  31.5
+1247849.4 +6262409.1  30.5
  +51017.1 +6271882.5  75.7
  +71231.6 +6269859.7  70.9
  +91452.4 +6267901.0  37.9
 +111679.3 +6266006.3  54.3
 +131912.1 +6264175.7  55.5
 +152150.6 +6262409.1  59.5
 +172394.5 +6260706.7  60.1
 +192643.8 +6259068.3  55.8
 +212898.2 +6257494.0  46.2
 +233157.4 +6255983.9  58.8
 +253421.3 +6254537.9  64.1
 +273689.7 +6253156.1  67.7
 +293962.4 +6251838.5  80.1
 +314239.1 +6250585.0  85.7
 +334519.7 +6249395.8  88.1
 +354804.0 +6248270.8  80.2
 +375091.7 +6247210.0  77.8
 +395382.7 +6246213.4  76.7
 +415676.8 +6245281.1  77.2
 +435973.7 +6244413.1  70.0
 +455217.4 +6215834.2  90.0
 +475607.4 +6215091.5  76.2
 +495999.5 +6214413.4  63.0
 +516393.8 +6213799.8  57.5
 +536789.8 +6213250.8  51.2
 +557187.5 +6212766.3  46.6
 +577586.6 +6212346.4  44.4
 +597987.0 +6211991.2  42.1
 +618388.4 +6211700.5  30.7
 +638790.6 +6211474.4  26.0
 +659193.4 +6211312.9  18.1
 +679596.6 +6211216.0  11.6
 +700000.0 +6211183.7   9.3
 +720403.4 +6211216.0  21.3
 +740806.6 +6211312.9  38.9
 +761209.4 +6211474.4  54.9
 +781611.6 +6211700.5  54.7
 +802013.0 +6211991.2  52.1
 +822413.4 +6212346.4  52.6
 +842812.5 +6212766.3  50.9
 +863210.2 +6213250.8  49.0
 +883606.2 +6213799.8  47.5
 +904000.5 +6214413.4  38.0
 +924392.6 +6215091.5  31.5
 +944782.6 +6215834.2  22.3
 +965170.0 +6216641.5  18.8
 +985554.8 +6217513.3  19.6
+1005936.8 +6218449.7  20.9
+1026315.7 +6219450.6  27.1
+1046691.3 +6220515.9  30.8
+1067063.4 +6221645.8  35.4
+1087431.9 +6222840.2  41.5
+1107796.4 +6224099.1  43.7
+1128156.9 +6225422.4  46.2
+1148513.1 +6226810.2  55.0
+1168864.8 +6228262.5  53.0
+1189211.8 +6229779.1  47.3
+1209553.9 +6231360.2  32.8
+1229890.9 +6233005.7  28.2
+1250222.6 +6234715.6  28.5
  +48205.9 +6244229.9  79.9
  +68507.9 +6242198.4  93.4
  +88816.3 +6240231.2  70.8
 +109130.8 +6238328.3  79.8
 +129451.3 +6236489.8  72.4
 +149777.4 +6234715.6  76.8
 +170109.1 +6233005.7  77.8
 +190446.1 +6231360.2  77.4
 +210788.2 +6229779.1  69.3
 +231135.2 +6228262.5  76.9
 +251486.9 +6226810.2  69.3
 +271843.1 +6225422.4  70.9
 +292203.6 +6224099.1  78.7
 +312568.1 +6222840.2  76.6
 +332936.6 +6221645.8  79.4
 +353308.7 +6220515.9  74.4
 +373684.3 +6219450.6  82.2
 +394063.2 +6218449.7  83.7
 +414445.2 +6217513.3  89.4
 +434830.0 +6216641.5 100.2
 +454161.5 +6188053.2  86.6
 +474639.3 +6187307.3  82.6
 +495119.5 +6186626.2  70.1
 +515601.7 +6186010.0  70.4
 +536085.7 +6185458.6  65.7
 +556571.4 +6184972.1  63.0
 +577058.6 +6184550.4  62.7
 +597546.9 +6184193.6  61.8
 +618036.3 +6183901.6  60.4
 +638526.5 +6183674.6  45.6
 +659017.3 +6183512.4  29.7
 +679508.6 +6183415.1  18.0
 +700000.0 +6183382.6  17.2
 +720491.4 +6183415.1  37.4
 +740982.7 +6183512.4  55.5
 +761473.5 +6183674.6  65.9
 +781963.7 +6183901.6  61.9
 +802453.1 +6184193.6  56.8
 +822941.4 +6184550.4  54.7
 +843428.6 +6184972.1  51.4
 +863914.3 +6185458.6  49.2
 +884398.3 +6186010.0  47.5
 +904880.5 +6186626.2  41.2
 +925360.7 +6187307.3  36.9
 +945838.5 +6188053.2  30.6
 +966314.0 +6188864.0  28.6
 +986786.7 +6189739.6  28.6
+1007256.6 +6190680.0  31.8
+1027723.4 +6191685.1  35.7
+1048186.9 +6192755.1  39.4
+1068646.9 +6193889.9  42.9
+1089103.2 +6195089.4  44.4
+1109555.7 +6196353.7  46.2
+1130004.0 +6197682.8  48.8
+1150448.0 +6199076.6  56.7
+1170887.5 +6200535.1  57.1
+1191322.3 +6202058.3  42.3
+1211752.1 +6203646.2  25.1
+1232176.8 +6205298.8  23.3
+1252596.2 +6207016.0  29.7
  +45394.0 +6216571.4  89.1
  +65783.7 +6214531.1  91.4
  +86179.7 +6212555.5 100.2
 +106581.8 +6210644.4  83.2
 +126989.9 +6208797.9  83.7
 +147403.8 +6207016.0  87.3
 +167823.2 +6205298.8  88.5
 +188247.9 +6203646.2  90.5
 +208677.7 +6202058.3  85.3
 +229112.5 +6200535.1  75.8
 +249552.0 +6199076.6  71.4
 +269996.0 +6197682.8  54.1
 +290444.3 +6196353.7  43.5
 +310896.8 +6195089.4  43.9
 +331353.1 +6193889.9  54.3
 +351813.1 +6192755.1  58.9
 +372276.6 +6191685.1  62.0
 +392743.4 +6190680.0  64.6
 +413213.3 +6189739.6  83.5
 +433686.0 +6188864.0  85.3
 +453105.2 +6160265.7  35.2
 +473671.1 +6159516.6  48.8
 +494239.2 +6158832.6  51.8
 +514809.4 +6158213.7  52.9
 +535381.5 +6157660.0  51.4
 +555955.2 +6157171.3  55.3
 +576530.3 +6156747.8  58.2
 +597106.7 +6156389.5  63.2
 +617684.1 +6156096.3  72.4
 +638262.4 +6155868.3  73.8
 +658841.2 +6155705.4  54.3
 +679420.5 +6155607.7  47.3
 +700000.0 +6155575.1  39.7
 +720579.5 +6155607.7  56.0
 +741158.8 +6155705.4  65.5
 +761737.6 +6155868.3  75.9
 +782315.9 +6156096.3  71.4
 +802893.3 +6156389.5  64.5
 +823469.7 +6156747.8  58.5
 +844044.8 +6157171.3  54.3
 +864618.5 +6157660.0  52.4
 +885190.6 +6158213.7  49.3
 +905760.8 +6158832.6  43.5
 +926328.9 +6159516.6  40.4
 +946894.8 +6160265.7  37.8
 +967458.2 +6161080.0  34.8
 +988018.9 +6161959.3  34.8
+1008576.7 +6162903.7  36.7
+1029131.4 +6163913.3  40.7
+1049682.9 +6164987.8  43.5
+1070230.8 +6166127.5  46.1
+1090775.0 +6167332.2  47.1
+1111315.3 +6168601.9  47.0
+1131851.5 +6169936.7  50.3
+1152383.3 +6171336.5  54.2
+1172910.6 +6172801.2  57.0
+1193433.2 +6174331.0  45.7
+1213950.8 +6175925.7  25.3
+1234463.3 +6177585.4  26.2
+1254970.4 +6179310.0  35.1
  +42581.6 +6188906.4  85.7
  +63058.8 +6186857.4  77.8
  +83542.4 +6184873.2  80.5
 +104032.3 +6182953.9  80.1
 +124528.0 +6181099.5  79.4
 +145029.6 +6179310.0  82.3
 +165536.7 +6177585.4  86.9
 +186049.2 +6175925.7  94.1
 +206566.8 +6174331.0  86.7
 +227089.4 +6172801.2  82.5
 +247616.7 +6171336.5  67.4
 +268148.5 +6169936.7  39.2
 +288684.7 +6168601.9  32.2
 +309225.0 +6167332.2  29.4
 +329769.2 +6166127.5  43.8
 +350317.1 +6164987.8  41.2
 +370868.6 +6163913.3  39.0
 +391423.3 +6162903.7  34.9
 +411981.1 +6161959.3  36.8
 +432541.8 +6161080.0  33.9
 +452048.7 +6132471.3  20.8
 +472702.6 +6131718.9  22.3
 +493358.8 +6131032.0  25.4
 +514017.0 +6130410.5  28.9
 +534677.1 +6129854.3  33.7
 +555338.8 +6129363.6  36.0
 +576002.0 +6128938.3  39.8
 +596666.4 +6128578.4  49.4
 +617331.9 +6128284.0  60.5
 +637998.2 +6128055.0  71.7
 +658665.1 +6127891.4  67.6
 +679332.5 +6127793.2  61.6
 +700000.0 +6127760.5  58.4
 +720667.5 +6127793.2  66.6
 +741334.9 +6127891.4  74.7
 +762001.8 +6128055.0  80.2
 +782668.1 +6128284.0  75.9
 +803333.6 +6128578.4  68.9
 +823998.0 +6128938.3  60.7
 +844661.2 +6129363.6  56.5
 +865322.9 +6129854.3  54.9
 +885983.0 +6130410.5  54.2
 +906641.2 +6131032.0  51.0
 +927297.4 +6131718.9  48.1
 +947951.3 +6132471.3  44.1
 +968602.6 +6133289.0  39.6
 +989251.3 +6134172.1  40.0
+1009897.1 +6135120.6  41.4
+1030539.8 +6136134.4  43.6
+1051179.2 +6137213.6  45.0
+1071815.0 +6138358.1  47.3
+1092447.2 +6139567.9  49.8
+1113075.4 +6140843.1  47.6
+1133699.4 +6142183.6  45.1
+1154319.1 +6143589.4  44.2
+1174934.3 +6145060.4  52.7
+1195544.7 +6146596.7  54.7
+1216150.1 +6148198.2  37.0
+1236750.3 +6149865.0  33.6
+1257345.2 +6151597.0  40.1
  +39768.4 +6161234.5  91.3
  +60333.3 +6159176.7  83.8
  +80904.5 +6157184.1  81.2
 +101482.0 +6155256.5  80.3
 +122065.5 +6153394.2  79.2
 +142654.8 +6151597.0  79.5
 +163249.7 +6149865.0  86.0
 +183849.9 +6148198.2  93.5
 +204455.3 +6146596.7  99.2
 +225065.7 +6145060.4  94.4
 +245680.9 +6143589.4  81.6
 +266300.6 +6142183.6  54.9
 +286924.6 +6140843.1  37.3
 +307552.8 +6139567.9  27.4
 +328185.0 +6138358.1  38.1
 +348820.8 +6137213.6  33.9
 +369460.2 +6136134.4  34.1
 +390102.9 +6135120.6  33.7
 +410748.7 +6134172.1  30.3
 +431397.4 +6133289.0  24.8
 +450992.0 +6104669.3  10.8
 +471733.9 +6103913.8  13.6
 +492478.0 +6103223.9  17.8
 +513224.3 +6102599.7  24.0
 +533972.4 +6102041.2  28.3
 +554722.3 +6101548.4  26.7
 +575473.5 +6101121.3  23.2
 +596226.0 +6100759.9  25.7
 +616979.6 +6100464.2  35.9
 +637733.9 +6100234.2  50.2
 +658489.0 +6100069.9  66.7
 +679244.4 +6099971.4  61.8
 +700000.0 +6099938.5  60.6
 +720755.6 +6099971.4  66.0
 +741511.0 +6100069.9  74.2
 +762266.1 +6100234.2  77.1
 +783020.4 +6100464.2  76.2
 +803774.0 +6100759.9  71.1
 +824526.5 +6101121.3  64.5
 +845277.7 +6101548.4  58.5
 +866027.6 +6102041.2  55.9
 +886775.7 +6102599.7  55.2
 +907522.0 +6103223.9  54.5
 +928266.1 +6103913.8  53.2
 +949008.0 +6104669.3  48.1
 +969747.4 +6105490.5  45.3
 +990484.1 +6106377.4  44.3
+1011217.9 +6107329.9  45.4
+1031948.6 +6108348.1  45.0
+1052675.9 +6109431.8  45.0
+1073399.7 +6110581.2  47.9
+1094119.8 +6111796.2  48.0
+1114835.9 +6113076.8  46.0
+1135547.9 +6114423.0  41.4
+1156255.5 +6115834.8  37.8
+1176958.5 +6117312.1  43.9
+1197656.7 +6118854.9  61.7
+1218349.9 +6120463.3  42.2
+1239038.0 +6122137.2  37.2
+1259720.6 +6123876.6  44.0
  +36954.4 +6133555.1  82.1
  +57607.0 +6131488.6  83.9
  +78265.9 +6129487.4  83.0
  +98931.1 +6127551.7  80.9
 +119602.3 +6125681.4  77.0
 +140279.4 +6123876.6  72.7
 +160962.0 +6122137.2  71.8
 +181650.1 +6120463.3  75.7
 +202343.3 +6118854.9  86.7
 +223041.5 +6117312.1  94.1
 +243744.5 +6115834.8  97.2
 +264452.1 +6114423.0  93.3
 +285164.1 +6113076.8  70.8
 +305880.2 +6111796.2  42.6
 +326600.3 +6110581.2  25.6
 +347324.1 +6109431.8  26.1
 +368051.4 +6108348.1  28.7
 +388782.1 +6107329.9  29.0
 +409515.9 +6106377.4  20.2
 +430252.6 +6105490.5  13.8
 +449934.9 +6076859.4  13.1
 +470764.8 +6076100.7  11.6
 +491597.1 +6075407.9  11.8
 +512431.4 +6074781.0  14.3
 +533267.6 +6074220.2  14.5
 +554105.5 +6073725.3  19.6
 +574944.9 +6073296.3  24.2
 +595785.5 +6072933.4  23.6
 +616627.1 +6072636.4  28.7
 +637469.6 +6072405.5  39.9
 +658312.7 +6072240.5  58.5
 +679156.3 +6072141.5  57.2
 +700000.0 +6072108.5  57.4
 +720843.7 +6072141.5  61.9
 +741687.3 +6072240.5  69.2
 +762530.4 +6072405.5  73.3
 +783372.9 +6072636.4  74.6
 +804214.5 +6072933.4  71.9
 +825055.1 +6073296.3  66.2
 +845894.5 +6073725.3  60.5
 +866732.4 +6074220.2  56.9
 +887568.6 +6074781.0  56.4
 +908402.9 +6075407.9  55.8
 +929235.2 +6076100.7  53.9
 +950065.1 +6076859.4  51.9
 +970892.6 +6077684.1  51.0
 +991717.3 +6078574.7  50.7
+1012539.1 +6079531.3  49.2
+1033357.8 +6080553.8  47.5
+1054173.1 +6081642.1  46.1
+1074984.9 +6082796.4  44.6
+1095792.9 +6084016.6  46.0
+1116597.0 +6085302.6  47.1
+1137396.8 +6086654.5  47.5
+1158192.3 +6088072.3  42.4
+1178983.2 +6089555.8  43.1
+1199769.3 +6091105.2  49.3
+1220550.4 +6092720.4  45.2
+1241326.3 +6094401.4  44.5
+1262096.8 +6096148.2  48.1
  +34139.7 +6105867.9  86.6
  +54879.9 +6103792.5  81.5
  +75626.5 +6101782.9  80.4
  +96379.5 +6099838.9  79.5
 +117138.4 +6097960.7  75.5
 +137903.2 +6096148.2  71.8
 +158673.7 +6094401.4  68.2
 +179449.6 +6092720.4  62.9
 +200230.7 +6091105.2  61.2
 +221016.8 +6089555.8  64.1
 +241807.7 +6088072.3  69.6
 +262603.2 +6086654.5  80.1
 +283403.0 +6085302.6  86.6
 +304207.1 +6084016.6  88.5
 +325015.1 +6082796.4  48.9
 +345826.9 +6081642.1  32.5
 +366642.2 +6080553.8  22.7
 +387460.9 +6079531.3  21.2
 +408282.7 +6078574.7  19.4
 +429107.4 +6077684.1  16.9
 +448877.5 +6049041.0  13.6
 +469795.5 +6048279.1  16.3
 +490715.8 +6047583.3  16.0
 +511638.3 +6046953.8  14.4
 +532562.6 +6046390.6  18.9
 +553488.6 +6045893.6  22.7
 +574416.1 +6045462.9  26.8
 +595344.8 +6045098.4  31.6
 +616274.6 +6044800.2  36.5
 +637205.2 +6044568.2  41.5
 +658136.5 +6044402.6  47.2
 +679068.1 +6044303.2  55.6
 +700000.0 +6044270.0  62.8
 +720931.9 +6044303.2  66.1
 +741863.5 +6044402.6  67.2
 +762794.8 +6044568.2  69.0
 +783725.4 +6044800.2  71.0
 +804655.2 +6045098.4  70.5
 +825583.9 +6045462.9  67.7
 +846511.4 +6045893.6  63.3
 +867437.4 +6046390.6  58.6
 +888361.7 +6046953.8  57.0
 +909284.2 +6047583.3  55.8
 +930204.5 +6048279.1  53.6
 +951122.5 +6049041.0  54.0
 +972038.0 +6049869.2  53.6
 +992950.8 +6050763.6  53.3
+1013860.7 +6051724.2  51.0
+1034767.4 +6052751.0  49.7
+1055670.7 +6053844.0  48.7
+1076570.5 +6055003.1  45.9
+1097466.5 +6056228.5  46.8
+1118358.6 +6057519.9  47.3
+1139246.4 +6058877.6  46.4
+1160129.8 +6060301.3  45.8
+1181008.6 +6061791.1  49.7
+1201882.6 +6063347.1  56.6
+1222751.6 +6064969.1  53.5
+1243615.3 +6066657.2  52.4
+1264473.6 +6068411.4  53.6
  +31324.1 +6078172.1  79.5
  +52152.0 +6076088.0  78.1
  +72986.4 +6074069.9  74.8
  +93827.0 +6072117.7  70.9
 +114673.8 +6070231.5  68.5
 +135526.4 +6068411.4  65.8
 +156384.7 +6066657.2  62.1
 +177248.4 +6064969.1  56.1
 +198117.4 +6063347.1  55.6
 +218991.4 +6061791.1  58.1
 +239870.2 +6060301.3  63.4
 +260753.6 +6058877.6  70.4
 +281641.4 +6057519.9  79.4
 +302533.5 +6056228.5  80.3
 +323429.5 +6055003.1  76.0
 +344329.3 +6053844.0  58.5
 +365232.6 +6052751.0  43.5
 +386139.3 +6051724.2  22.7
 +407049.2 +6050763.6  16.5
 +427962.0 +6049869.2  13.9
 +447819.7 +6021213.7  13.4
 +468825.9 +6020448.5  15.9
 +489834.3 +6019749.9  18.7
 +510844.9 +6019117.7  19.6
 +531857.3 +6018552.1  19.7
 +552871.5 +6018053.0  25.9
 +573887.1 +6017620.5  32.1
 +594904.0 +6017254.5  38.0
 +615921.9 +6016955.0  45.8
 +636940.7 +6016722.1  51.4
 +657960.1 +6016555.7  56.8
 +678980.0 +6016455.9  59.5
 +700000.0 +6016422.6  65.4
 +721020.0 +6016455.9  64.9
 +742039.9 +6016555.7  65.3
 +763059.3 +6016722.1  66.5
 +784078.1 +6016955.0  66.2
 +805096.0 +6017254.5  63.0
 +826112.9 +6017620.5  61.3
 +847128.5 +6018053.0  61.4
 +868142.7 +6018552.1  60.9
 +889155.1 +6019117.7  60.0
 +910165.7 +6019749.9  60.3
 +931174.1 +6020448.5  59.1
 +952180.3 +6021213.7  57.9
 +973183.9 +6022045.3  55.7
 +994184.8 +6022943.5  54.5
+1015182.7 +6023908.2  52.7
+1036177.5 +6024939.3  51.0
+1057168.8 +6026036.9  49.6
+1078156.7 +6027200.9  47.3
+1099140.7 +6028431.4  46.7
+1120120.7 +6029728.3  46.8
+1141096.5 +6031091.6  47.4
+1162067.9 +6032521.4  49.5
+1183034.7 +6034017.5  53.0
+1203996.6 +6035580.0  47.6
+1224953.5 +6037208.9  41.5
+1245905.1 +6038904.1  39.9
+1266851.2 +6040665.6  38.5
  +28507.6 +6050467.5  79.6
  +49423.2 +6048374.6  73.6
  +70345.3 +6046348.0  66.9
  +91273.8 +6044387.6  62.3
 +112208.4 +6042493.4  57.3
 +133148.8 +6040665.6  61.2
 +154094.9 +6038904.1  59.1
 +175046.5 +6037208.9  57.1
 +196003.4 +6035580.0  58.3
 +216965.3 +6034017.5  61.4
 +237932.1 +6032521.4  70.1
 +258903.5 +6031091.6  76.0
 +279879.3 +6029728.3  83.2
 +300859.3 +6028431.4  85.6
 +321843.3 +6027200.9  85.8
 +342831.2 +6026036.9  72.0
 +363822.5 +6024939.3  56.9
 +384817.3 +6023908.2  35.1
 +405815.2 +6022943.5  23.9
 +426816.1 +6022045.3  14.7
