 +905478.5 +6578837.6  67.0
 +908863.9 +6522413.5  11.2
 +936991.5 +6583559.8  19.4
 +880324.8 +6544524.1  52.2
 +903402.7 +6538545.0  63.4
 +744146.5 +6944221.2  76.3
 +733847.7 +6878960.9  59.4
 +738300.4 +6916992.9  64.8
 +714299.1 +6948315.7  69.8
 +714835.9 +6968851.1  68.8
 +763195.6 +6971297.9  67.0
 +775013.9 +6941241.7  54.7
 +723163.8 +6951683.4  63.4
 +730760.4 +6563060.0  64.4
 +696002.7 +6624248.9  47.5
 +732430.8 +6604121.9  46.4
 +667294.8 +6584003.7  63.7
 +762254.9 +6550510.4  64.4
 +939471.1 +6333774.5  15.8
 +922249.5 +6316208.9   9.7
 +955207.3 +6335261.2  17.3
 +994724.3 +6417719.7  19.4
 +989020.0 +6384019.6  45.7
 +978505.6 +6391976.1  18.0
 +918343.7 +6389090.3  15.1
 +944456.6 +6391277.4  19.4
 +957163.2 +6440106.5  98.6
 +922834.7 +6361736.9  20.2
+1014626.0 +6406458.1  11.5
 +965767.6 +6445415.3  28.4
 +963930.1 +6407780.6  11.5
+1015155.7 +6415345.1   8.6
 +896106.8 +6368442.4  35.3
 +985075.3 +6407097.4   6.5
 +954349.0 +6402028.6  19.4
 +941303.0 +6377203.8   7.9
 +964671.5 +6442478.2  51.5
 +987366.9 +6426753.2   9.0
+1033871.8 +6282695.5  20.5
+1030409.2 +6284184.4  19.4
+1022222.7 +6321857.3  17.3
+1062206.8 +6326039.9   4.3
+1019187.1 +6281034.3  17.3
+1015899.6 +6302661.5   7.2
+1021798.7 +6294204.0   9.4
+1050222.9 +6324141.4  18.7
+1039507.1 +6292360.7  32.8
+1044620.7 +6302633.8  18.0
+1017814.7 +6286103.2  16.9
+1056393.9 +6307345.9  20.5
+1014595.9 +6341239.1  13.0
+1012299.1 +6325235.4  13.0
+1007108.7 +6294034.3  10.1
+1056276.1 +6317096.5  29.5
+1025106.0 +6288752.5   6.8
+1035368.8 +6344385.2  22.0
 +791935.7 +6396996.6  23.4
 +824236.8 +6393369.7  18.7
 +831640.7 +6436533.6  13.0
 +808696.0 +6382952.3   8.6
 +785808.4 +6404444.9  85.7
 +833721.6 +6466645.4  60.5
 +798499.6 +6390467.9  51.5
 +785214.2 +6382126.5  25.2
 +807796.3 +6434112.1  68.8
 +818412.6 +6966112.5  39.6
 +847350.9 +6952890.5  33.1
 +829802.5 +7003776.4  55.4
 +809965.4 +6981065.8  62.3
 +808311.4 +6925954.6  54.0
 +582789.5 +6208931.9  13.3
 +611777.1 +6210712.6  14.0
 +566142.6 +6220748.2  14.0
 +589663.3 +6233497.2  38.5
 +545520.4 +6213628.6  28.1
 +775603.0 +6803193.6  38.9
 +737337.5 +6815625.5  73.4
 +805117.0 +6775064.0  62.6
 +809067.8 +6806889.9  49.0
 +758653.7 +6785790.0  52.9
 +626555.9 +6224111.5  31.7
 +657887.0 +6248492.1  39.2
 +685239.8 +6210440.8  11.9
 +638735.5 +6201374.2   9.7
 +704876.6 +6201993.3  28.4
 +677935.1 +6230456.4  14.4
 +642652.4 +6256855.0  32.4
 +661533.3 +6206795.1  14.4
 +696404.7 +6227899.5  25.2
 +689566.4 +6406326.9  64.8
 +715434.0 +6313722.0  29.9
 +701560.8 +6335499.7  61.9
 +686848.0 +6310309.3  60.5
 +686315.8 +6379526.2  41.0
 +658792.4 +6368056.2  49.0
 +685662.8 +6354513.9  57.6
 +622204.8 +6364125.2  48.2
 +896034.5 +6273057.0  28.8
 +837013.5 +6269349.5  41.4
 +911127.4 +6248830.1  29.2
 +909417.4 +6234017.6  39.2
 +847546.3 +6307065.1  38.5
 +855876.8 +6271190.4  41.4
 +879467.2 +6262358.5  37.8
 +901216.8 +6248882.0  27.0
 +887154.4 +6281129.8  31.0
 +831934.8 +6304794.8  40.0
 +918513.9 +6264426.5  16.2
 +916604.5 +6276113.0  19.1
 +450664.5 +6920354.1  78.5
 +448062.8 +6903320.7  87.1
 +469348.2 +6874379.2  91.4
 +425138.4 +6895629.4 102.2
 +425907.1 +6923173.2  97.6
 +494203.1 +6922022.1  90.4
 +414000.4 +6868261.5  90.4
 +654142.5 +6421536.9  58.7
 +683625.1 +6439271.4  51.1
 +699265.5 +6441711.8  47.9
 +701001.7 +6411372.0  68.8
 +711752.9 +6427154.9  68.8
 +686911.6 +6467047.2  61.6
 +474080.4 +6507293.7  52.6
 +509140.9 +6523808.3  93.2
 +465025.2 +6466976.3  56.5
 +472474.2 +6543043.4  49.3
 +436524.8 +6552360.7  45.0
 +376680.1 +6572827.6  95.8
 +391118.4 +6539831.4  77.4
 +348713.6 +6581609.0 124.2
 +359036.1 +6559202.1 115.6
 +433601.2 +6490073.5  44.3
 +416235.5 +6524514.5  50.4
 +656887.8 +6711171.5  52.6
 +651409.8 +6662299.5  39.2
 +672835.9 +6661386.6  47.2
 +685035.3 +6647256.4  50.8
 +641368.1 +6591991.3  59.0
 +616429.6 +6445235.6  32.0
 +580022.0 +6450868.1  52.9
 +616620.1 +6500914.5  52.9
 +626392.5 +6478151.7  52.9
 +575726.3 +6480240.7  38.9
 +581228.6 +6438588.7  44.6
 +626753.4 +6511706.3  63.4
 +654735.1 +6493260.4  43.6
 +587976.8 +6478451.3  55.1
+1181160.3 +6108468.0  18.7
+1166767.1 +6106347.3  50.4
+1185255.2 +6154134.0  76.3
+1205315.3 +6131070.7  67.0
+1217859.4 +6050598.9  79.6
+1225996.4 +6220041.1  13.7
+1196626.1 +6155773.8  50.8
+1176077.2 +6176323.5  53.6
+1229031.8 +6089712.6  36.0
+1185975.4 +6188622.2  94.0
+1211130.6 +6152099.2  50.4
+1218427.9 +6232497.8  24.1
+1210492.5 +6064585.4  42.5
+1226284.3 +6145270.1  42.5
+1232875.3 +6181993.7  14.4
+1167615.6 +6137706.7  45.7
+1211403.5 +6095091.0  42.1
+1180136.9 +6138765.9  18.4
+1197779.1 +6105375.3  43.2
+1200006.9 +6142473.8  73.1
+1231536.9 +6112793.3  15.1
 +832235.5 +6666542.6  51.5
 +866306.8 +6662632.5  46.4
 +818262.5 +6751066.3  55.1
 +857879.9 +6687368.1  50.4
 +834329.8 +6701532.4  68.8
 +791868.5 +6685579.9  69.1
 +229081.7 +6846809.8 117.0
 +259839.7 +6878424.4 118.8
 +224979.0 +6870048.3  99.0
 +225291.2 +6877887.9  99.0
 +273819.0 +6811685.7 104.8
 +217826.1 +6831466.9 104.8
 +240812.0 +6867283.1 106.2
 +233000.0 +6810439.1 114.1
 +313725.4 +6851096.6  89.6
 +268359.6 +6842049.9 105.1
 +601289.4 +6538866.3  75.2
 +642705.9 +6511722.0  43.2
 +636866.1 +6531491.8  69.5
 +622099.6 +6521092.6  73.1
 +580718.4 +6572573.1  66.2
 +619024.6 +6564501.5  63.0
 +538327.3 +6411372.8  63.0
 +571000.3 +6427720.7  31.0
 +545761.7 +6447848.0  40.0
 +926010.1 +6687466.2  57.2
 +955116.4 +6675094.4  71.6
 +929362.1 +6662509.8  52.2
 +986658.8 +6689404.4  44.3
 +953682.1 +6630770.7  65.9
 +970546.5 +6695156.9  61.9
 +842939.3 +6463092.9  61.9
 +855599.2 +6425902.7  52.9
 +849358.2 +6415102.8  38.9
 +914817.3 +6400768.1  46.4
 +837569.3 +6388407.9  16.2
 +892254.0 +6358024.0  38.5
 +892366.6 +6402371.1  46.1
 +521825.2 +6891809.7  74.9
 +510589.1 +6921067.8  70.9
 +569949.8 +6882031.5  99.4
 +574733.9 +6904082.9  81.7
 +589195.8 +6818855.1  78.1
 +579056.3 +6774682.8  83.9
 +565585.2 +6846743.0  81.0
 +549870.3 +6847721.1  83.9
 +544917.6 +6797329.4  72.0
 +161013.1 +6866853.8 150.5
 +178970.4 +6773487.1 161.6
 +154288.7 +6842621.3 144.7
 +185104.2 +6872456.0 150.8
 +148918.4 +6823645.5 170.6
 +105512.8 +6849585.8 185.0
 +148688.8 +6769886.9 177.5
 +194327.5 +6844152.8 129.6
 +135209.0 +6854961.2 167.0
 +124931.3 +6831620.7 192.6
 +149716.7 +6782996.4 192.6
 +166420.4 +6787833.7 146.9
 +199993.6 +6804023.6 131.8
 +174191.3 +6815342.5 162.7
 +172696.2 +6849647.4 148.7
 +179439.1 +6863363.1 146.9
 +186839.4 +6771326.8 141.8
 +813074.0 +6307431.8  13.7
 +841128.2 +6323739.0  28.1
 +813763.5 +6298108.2  23.0
 +737977.9 +6335706.2  39.6
 +812444.6 +6322497.9   5.0
 +746540.2 +6335985.6  73.8
 +787803.2 +6300178.8   5.0
 +503499.9 +6192096.4  46.4
 +505926.5 +6225897.8  10.1
 +568434.4 +6272607.0  42.8
 +559271.3 +6262926.4  40.0
 +564847.0 +6299138.3  42.8
 +541418.3 +6235378.4  14.0
 +609386.5 +6260926.6  53.3
 +506578.6 +6290712.2  40.0
 +486275.0 +6323086.8  41.4
 +444077.4 +6299239.9  53.3
 +529266.4 +6274331.4  33.8
 +475734.8 +6283680.5  28.8
 +391210.9 +6379697.5  70.6
 +446594.8 +6378903.6  50.4
 +362899.0 +6401475.0 105.5
 +408352.3 +6421429.8  65.9
 +403169.1 +6464334.7  59.4
 +448486.7 +6429352.5  57.6
 +426576.9 +6442449.6  65.9
 +452822.7 +6403186.1  45.7
 +371846.1 +6390320.8  69.1
 +377752.2 +6483880.8  69.1
 +417201.1 +6416500.5  69.1
 +711784.1 +6282320.7  14.0
 +794279.3 +6282340.3   9.0
 +777945.7 +6275710.1  28.8
 +711817.8 +6264111.7  28.8
 +719818.2 +6298584.5  42.8
 +732425.9 +6259922.2  27.0
 +379225.6 +6767279.8  90.7
 +331209.7 +6769442.5  98.6
 +359477.0 +6812860.7 100.1
 +394924.1 +6827876.6  81.4
 +343370.8 +6752960.7 102.2
 +325845.8 +6843655.7 110.5
 +347610.0 +6784839.2 104.0
 +604106.6 +6641838.1  71.3
 +621477.5 +6612744.9  75.2
 +538510.8 +6656315.6  83.2
 +528752.7 +6707369.7  83.2
 +541019.3 +6682008.1  84.2
 +509551.8 +6726960.2  74.5
 +484344.9 +6684637.7  65.9
 +938359.7 +6463660.4  40.3
 +903255.2 +6476224.2  41.0
 +910567.0 +6460486.0  51.5
 +903894.2 +6438427.4  52.6
 +942705.6 +6447916.8  49.3
 +963894.2 +6431995.6  65.5
 +881078.9 +6476497.5  22.3
 +924328.9 +6472341.4  56.2
 +919642.7 +6472562.1  68.0
 +923541.5 +6461570.4  13.0
 +901487.1 +6445405.2  90.0
 +926242.5 +6451759.0  93.2
 +920235.1 +6632548.6  65.2
 +892363.8 +6624482.5  41.4
 +918770.1 +6582042.6  86.4
 +888101.7 +6590163.3  32.0
 +884265.8 +6663231.8  45.7
 +340670.1 +6291056.0  93.2
 +455804.8 +6326319.9  33.5
 +371929.6 +6296323.4  60.1
 +437360.3 +6348353.8  33.8
 +418912.9 +6318545.1  41.8
 +382786.0 +6320973.9  73.8
 +391441.6 +6346948.0  60.8
 +544267.5 +6765255.8  81.7
 +561471.6 +6693998.7  73.8
 +600862.5 +6691862.0  67.0
 +604496.2 +6715819.2  70.6
 +589553.3 +6756990.2  81.7
 +565879.3 +6732419.6  78.5
 +770415.8 +6439889.4  97.2
 +760121.7 +6441984.1  69.1
 +752264.6 +6449835.7  66.6
 +732892.1 +6466861.6  64.4
 +766647.7 +6418003.5  77.8
 +732217.7 +6450809.8  77.8
 +797650.5 +6436962.2  91.1
 +796467.5 +6469044.1  77.4
 +742563.9 +6429806.8  63.4
 +350961.6 +6682380.8 105.8
 +310879.6 +6703095.0 119.2
 +336854.8 +6667160.9  89.6
 +346842.9 +6669178.3 101.9
 +679699.9 +6762454.6  66.2
 +608863.8 +6766291.7  78.8
 +652456.1 +6732758.7  44.3
 +621154.0 +6430067.9  54.4
 +620975.9 +6386748.2  31.0
 +573092.0 +6406384.8  68.0
 +599144.6 +6407594.9  31.0
 +596145.5 +6398571.7  48.6
 +557535.9 +6358664.1  48.6
 +507689.8 +6344391.4  44.3
 +475307.7 +6352539.0  36.4
 +533343.5 +6389614.0  50.8
 +522409.8 +6354351.9  50.8
 +474533.1 +6388768.2  47.2
 +521933.3 +6369016.9  40.3
 +481162.5 +6348905.5  40.3
 +767742.2 +6377580.9  38.2
 +750408.5 +6344366.8  48.6
 +718890.2 +6392721.3  50.4
 +428228.4 +6695935.5  75.2
 +405686.8 +6671594.2  77.0
 +419506.0 +6730315.2  77.0
 +450647.8 +6723178.0  68.4
 +440225.4 +6689229.7  79.6
 +343823.0 +6969607.0 104.4
 +362948.3 +6939105.3 143.3
 +365471.1 +6961027.3 106.6
 +377673.7 +6959506.2 101.5
 +361527.1 +6869274.0 123.5
 +364684.2 +6872153.1 123.5
 +367900.6 +6841193.9  97.9
 +397511.3 +6930765.9  79.6
 +390814.7 +6949862.2  99.7
 +835175.6 +6886524.8  34.6
 +771803.8 +6880216.3  58.7
 +742625.5 +6849254.4  78.5
 +799193.3 +6890595.7  40.0
 +785583.1 +6853639.2  62.6
 +853020.9 +6811321.6  49.3
 +883011.6 +6771932.5  60.8
 +840269.4 +6838485.1  31.7
 +852307.4 +6778839.1  49.0
 +406250.6 +6806854.1  99.0
 +445429.3 +6817255.8  86.0
 +420854.0 +6776655.0  86.0
 +913662.2 +6898822.3  29.2
 +918271.5 +6835290.0  44.6
 +983909.3 +6830758.0  31.7
 +937073.3 +6847912.4  37.8
 +886864.7 +6934472.2  34.6
 +895760.9 +6906106.3  23.8
 +856826.9 +6910661.9  39.6
 +849301.8 +6858432.7  33.5
 +230550.8 +6706718.1 151.6
 +272189.1 +6769296.9 127.8
 +212429.1 +6748080.6 163.8
 +271018.7 +6751297.8 104.8
 +259613.3 +6789316.5 110.2
 +296762.6 +6754328.1 112.0
 +297396.9 +6774925.6 114.5
 +218416.4 +6759907.2 147.2
 +241131.7 +6726560.4 116.3
 +271034.4 +6738208.0 124.2
+1000006.7 +6854348.5  25.6
 +937336.0 +6880363.0  38.9
 +985626.1 +6882494.1  25.6
 +970605.9 +6874089.1  36.4
 +979522.6 +6898767.5  38.2
 +951048.3 +6901667.5  38.2
+1019697.2 +6900450.2  34.9
 +768994.5 +6636008.4  52.2
 +759653.8 +6695779.9  52.2
 +770902.6 +6663762.3  63.0
 +738361.1 +6704640.0  66.2
 +708561.4 +6655351.8  52.9
 +764823.7 +6673801.7  52.9
 +732868.9 +7025713.0  77.8
 +669494.5 +6924993.7  76.7
 +618497.5 +6912455.9  71.3
 +685753.3 +6925801.7  71.3
 +680807.3 +6889607.5  79.2
 +654539.7 +6950315.1  81.4
 +636683.5 +6927802.8  81.7
 +486337.2 +6820046.3  80.6
 +445236.4 +6843839.2  81.4
 +436177.0 +6855985.0  90.7
 +528178.8 +6853476.1  74.2
 +517713.7 +6831252.7  95.8
 +518598.2 +6810984.5  95.8
 +600044.4 +7086831.9  90.7
 +622700.0 +7073224.9  90.7
 +600960.5 +7071524.8  79.9
 +711705.0 +7014176.4  82.4
 +664279.3 +7053711.2  97.2
 +626507.5 +7096472.2  76.0
 +637082.2 +7050570.8  73.1
 +665859.3 +7013896.3  76.0
 +602175.1 +7047208.4  69.8
 +689522.4 +6489142.3  51.1
 +691966.6 +6497023.4  51.1
 +682399.8 +6492638.1  90.7
 +711602.1 +6520812.5  51.1
 +744492.2 +6517316.7  92.5
 +668355.3 +6485919.9  92.5
 +741628.1 +6484757.5  58.3
 +684827.1 +6548120.4  57.2
 +746463.3 +6532471.6  57.2
 +373908.9 +6256731.4  73.8
 +333133.6 +6273896.1  84.2
 +344090.6 +6235347.1  84.2
 +357194.4 +6238939.0  76.3
 +449415.2 +6242575.6  55.8
 +408767.0 +6235519.8  70.9
 +396304.9 +6274138.9  64.1
 +423118.3 +6259976.4  82.8
 +449214.5 +6213042.1  82.8
 +485581.3 +6228898.8  30.2
 +498398.0 +6245242.3  13.7
 +668326.0 +6173431.5  16.9
 +689574.3 +6181963.8  16.2
 +657866.3 +6191360.5  18.7
 +663539.5 +6144533.6  18.7
 +615494.9 +6156569.4  83.5
 +655987.8 +6159803.1  40.7
 +698224.2 +6183939.0   9.7
 +680324.6 +6159665.2   9.7
+1015649.5 +6820313.5  45.7
+1004320.9 +6872926.2  25.6
+1042288.0 +6837757.2  12.6
+1076498.5 +6886073.2   8.6
+1032094.5 +6806364.0   8.6
+1051538.3 +6841909.8  14.0
 +851600.3 +6515398.9  80.3
 +832256.1 +6552366.1  56.5
 +825528.5 +6569866.4  56.5
 +861590.2 +6516227.7  54.7
 +979273.2 +6749240.2  54.7
 +895336.6 +6715059.0  52.9
 +916783.8 +6738222.6  52.9
 +983549.6 +6754635.0  87.8
 +930725.5 +6708675.7  54.7
 +951805.3 +6748320.5  34.6
 +923642.0 +6752635.5  50.8
 +937444.7 +6732362.6  50.8
 +958154.7 +6721534.4  47.5
 +796029.3 +6653189.0  43.2
 +839157.9 +6637925.2  46.8
 +838113.7 +6578747.7  61.2
 +812999.0 +6615235.2  59.0
 +778084.0 +6590322.5  60.5
 +872844.4 +6605726.2  46.8
 +520624.4 +6777842.6  79.9
 +481710.2 +6738759.7  67.3
 +490572.3 +6764325.9  70.6
 +460130.3 +6787007.5 106.
 +985218.3 +6488877.3   8.3
 +994460.0 +6494759.5  35.6
 +984166.4 +6508246.7  14.8
 +974736.2 +6523417.8  34.6
 +950022.7 +6512227.9  52.9
+1005650.6 +6470879.5  52.9
 +938095.4 +6492861.0  43.2
 +958929.2 +6476991.3  40.7
 +974896.8 +6472548.9  77.8
+1008768.9 +6496646.2  34.9
 +959202.9 +6508607.0  34.9
 +972852.5 +6448853.9  51.1
 +924139.0 +6508728.8  45.4
 +962714.4 +6557737.4  55.1
+1000354.9 +6544020.8  13.7
+1005437.4 +6552537.8  20.2
+1001539.9 +6550398.2  68.0
+1006760.1 +6542133.8  22.3
 +944855.4 +6525189.8  36.0
 +955329.5 +6583414.1  25.6
 +975239.5 +6593177.4  29.5
 +952954.7 +6523332.9  47.2
 +968739.0 +6547421.4  16.9
 +939705.0 +6541193.6  20.5
 +984821.1 +6569828.7  61.2
 +984598.8 +6535021.7  78.8
 +651382.3 +6858159.8  79.6
 +567716.6 +6922637.2 100.1
 +591978.6 +6960377.0  97.2
 +562765.8 +6983237.3  78.8
 +542250.9 +6951907.0  78.8
 +510376.0 +6966296.0 107.3
 +541904.4 +6928447.7 107.3
 +538448.6 +6935018.5  81.0
 +489423.5 +6940955.7  92.9
 +487840.8 +6938342.0 103.7
 +568068.1 +6972719.1 103.7
 +524840.9 +6971103.1  86.4
 +701728.6 +6805706.5  67.3
 +700866.4 +6873857.5  67.3
 +714956.4 +6847430.9  79.9
 +676372.6 +6834507.5  73.1
 +678853.2 +6796667.5  53.3
 +674396.0 +6862664.1  77.0
 +636028.4 +6876268.8  58.0
 +602923.1 +6874561.2  94.0
 +634823.3 +6850427.5  78.8
 +627234.9 +6853149.2  70.6
 +641501.2 +6852784.0  70.6
 +432140.6 +6643705.9  65.2
 +457215.0 +6575416.1  43.9
 +465030.2 +6603893.5  43.9
 +438442.2 +6585179.8  60.1
 +426809.7 +6619190.9  66.2
 +469384.9 +6629436.1  66.6
 +616551.4 +7004813.7  66.6
 +641352.6 +7004873.1  86.4
 +594271.5 +7010885.4  73.1
 +622992.8 +7023099.2  73.1
 +608573.9 +6288949.1  27.4
 +648058.3 +6291986.7  49.0
 +685914.0 +6281603.0  52.2
 +594151.0 +6321106.3  52.2
 +629019.8 +6313248.5  20.2
 +642334.3 +6334503.4  56.5
 +550230.7 +6333773.5  31.0
 +596472.3 +6347644.4  20.2
 +549584.3 +6354237.3  35.3
 +569871.8 +6326781.9  45.4
 +553185.2 +6304491.6  44.6
 +974787.7 +6238763.8   5.8
 +974447.1 +6259667.6   4.3
 +926231.7 +6243209.2  15.5
 +979998.9 +6290577.0  13.0
 +954401.4 +6243764.4   5.0
 +962960.4 +6274555.4  13.0
+1002730.6 +6265432.1  14.4
+1008577.2 +6274521.6  18.0
 +956298.5 +6226779.3   8.6
 +963280.9 +6216564.0   8.6
 +982895.7 +6221013.1  11.2
 +989696.5 +6303452.2  11.2
 +950439.1 +6290383.6  30.6
 +930458.0 +6268423.8  11.5
+1012072.1 +6264879.9  17.6
 +992557.7 +6282389.8   6.8
 +936208.3 +6228401.8  15.1
 +985674.8 +6260548.7  19.4
 +924182.4 +6296725.5  19.4
 +939628.7 +6224467.4  19.4
 +852814.9 +6314321.9  41.4
 +910483.3 +6302187.3  28.8
 +889628.1 +6293915.0  16.6
 +864830.1 +6333777.8  36.7
 +878668.9 +6317980.6  32.0
 +872672.0 +6303678.3  32.0
 +848871.6 +6340142.6  26.6
 +870057.3 +6356792.8  49.0
 +899764.8 +6330005.2  36.4
 +851915.5 +6361570.6  15.8
 +337641.7 +6608310.9  93.6
 +409960.8 +6601186.9  63.4
 +366816.7 +6592508.1  85.0
 +292991.9 +6635250.5 119.9
 +345674.4 +6623817.4 119.9
 +300855.8 +6669341.3 111.6
 +319114.7 +6648323.5 102.2
 +407762.2 +6636631.9 102.2
 +365393.5 +6632053.3 102.6
 +381314.4 +6647094.2 102.6
 +383732.8 +6601610.7  89.6
 +522620.9 +6623189.9  85.7
 +518617.6 +6560609.3  85.7
 +474471.2 +6611795.2  85.7
 +494430.9 +6613917.0  63.7
 +491585.7 +6565844.3  40.0
 +479653.7 +6663449.7  73.4
 +534192.6 +6592475.4  75.2
 +558414.1 +6530692.7  51.5
 +560233.5 +6569362.2  67.0
 +988945.2 +6761719.9  55.8
 +956318.1 +6795656.6  58.3
 +920120.8 +6788624.6  55.4
 +901194.9 +6810001.2  66.6
 +967057.6 +6815291.6  44.3
 +973508.7 +6763875.5  44.3
 +779714.8 +6710309.0  58.7
 +698899.1 +6728623.9  51.5
 +987293.8 +6744897.3  18.7
 +650303.7 +6833578.5  72.4
 +653710.0 +6813688.7  74.9
 +625646.2 +6825577.2  74.9
 +629039.0 +6888269.6  74.2
 +658095.4 +6874305.7  77.0
 +665936.5 +6879573.9  81.0
 +614619.1 +6890448.8  79.6
